0.      2259.46106254604
0.0005      2259.46106254604
0.000516250827251552      2163.09964336549
0.0005330298332758236      2070.78211307512
0.0005503541847568015      1982.34155982439
0.0005682416063241046      1897.61796490618
0.0005867103986871396      1816.45762633189
0.0006057794573586473      1738.71321487521
0.000625468291986796      1664.24322259164
0.0006457970463155974      1592.91205891309
0.000666786518794072      1524.58969197018
0.0006884581838552445      1459.15116127781
0.0007108342138867422      1396.47772055947
0.0007339375019154746      1336.45199679971
0.0007577916850296027      1278.96639748697
0.0007824211685617599      1223.91442300866
0.000807851151058269      1171.19478276712
0.0008341076500598998      1120.71027282057
0.0008612175287205427      1072.36773573062
0.0008892085232910348      1026.07784701235
0.0009181092714962553      981.754817257541
0.0009479493418345232      939.316544799549
0.0009787592638292738      898.684192337192
0.0010105705592639653      859.782215567943
0.0010434157744321712      822.538109477649
0.0010773285134358546      786.882450047677
0.0011123434725658892      752.74860963415
0.001148496475800009      720.072739049463
0.0011858245114544934      688.79356703556
0.0012243657700270996      658.852387939699
0.001264159683269947      630.192917895382
0.0013052469645323404      602.761305529321
0.001347669650414796      576.505712970912
0.0013914711437768964      551.376588582089
0.0014366962581429724      527.326420483928
0.0014833912635510377      504.309781651763
0.0015316039338918962      482.282626760667
0.0015813835957868456      461.20346610982
0.001632781179053986      441.032065179733
0.0016858492688147696      421.730007520627
0.001740642159294098      403.260411076026
0.0017972159093690117      385.587988562141
0.0018556283999228052      368.678868499726
0.0019159393930632438      352.500673134623
0.0019782105932654725      337.022286934853
0.0020425057105021675      322.213955476711
0.0021088905254255256      308.047120228495
0.002177432956667776      294.494473952863
0.0022482031303290638      281.529818427198
0.0023212734517238163      269.128032105377
0.0023967186794589712      257.265103273297
0.0024746160019198825      245.917978209161
0.002555045116242136      235.064593622445
0.0026380883098500807      224.683807232914
0.002723830544645506      214.755372488832
0.002812359543932576      205.259935835884
0.0029037658821679797      196.178777948132
0.002998143077628105      187.494242459113
0.003095587688088045      179.189227205964
0.003196199409610346      171.247417017934
0.0033000811785445267      163.653164063125
0.0034073392768417775      156.391498983298
0.0035180834407925452      149.448079152102
0.0036324269732982764      142.809171840184
0.0037504868597921723      136.461621647399
0.0038723838879275697      130.392842421897
0.003998242771156378      124.590751647405
0.004128192276324037      119.043851780221
0.004262365355411504      113.74103826804
0.0044008992815590875      108.67174476513
0.004543935789511278      103.825845941299
0.004691621220626263      99.1936269155685
0.00484410667259849      94.7658070436923
0.005001548154047467      90.533493503399
0.005164106744130956      86.4881758323081
0.0053319487573458505      82.6217055242053
0.00550524591368536      78.9262897198329
0.005684175514326585      75.3944592335683
0.005868920623028233      72.0190729841694
0.006059670253424039      68.7933216687362
0.006256619562403565      65.7105788500068
0.006459970049778167      62.7646644817106
0.006669929764436459      59.949558574502
0.00688671351720014      57.2595284012355
0.007110543100598033      54.6890844385019
0.007341647515783102      52.2329779743016
0.007580263206824657      49.8861849872986
0.007826634302615465      47.6439018775664
0.008081012866641216      45.5015186586364
0.008343659154867927      43.4546468514703
0.008614841882011106      41.4990746974061
0.008894838496459098      39.6307708264808
0.009183935464131923      37.8458917177374
0.009482428561565944      36.1407470265683
0.009790623178524326      34.5118126865262
0.010108834630442804      32.9557182193814
0.01043738848103047      31.469238414058
0.010776620875355601      30.0492917065931
0.011126878883757345      28.6929283950411
0.011488520856935112      27.3973271304995
0.011861916792578921      26.1597936579068
0.01224744871391589      24.9777398738082
0.012645511060560072      23.8487087766495
0.013056511092065577      22.7703388256443
0.013480869304595841      21.7403748277704
0.01391901986113531      20.7566593612678
0.014371411035683774      19.8171351835589
0.014838505671887665      18.9198281762287
0.01532078165657771      18.0628548980968
0.015818732408697293      17.2444146470947
0.01633286738412183      16.4627857876523
0.01686371259688557      15.7163224732962
0.01741181115734919      15.0034537230503
0.017977723827858647      14.3226696405815
0.018562029596463917      13.6725392638018
0.019165326269284577      13.0516867814506
0.01978823108212813      12.4587998819338
0.020431381331987047      11.8926242236172
0.02109543502906046      11.351960616358
0.021781071569967666      10.835663462574
0.02248899243284213      10.3426378998264
0.02321992189501729      9.87183814666848
0.023974607774038204      9.42226483651169
0.024753822192757426      8.99296330148773
0.0255583623692977      8.58301948327043
0.026389051432689752      8.19156389778735
0.02724673926501967      7.81776466420473
0.0281323033709475      7.46081896977565
0.029046649775486558      7.11997739582075
0.02999071395096208      6.79450749688473
0.03096546177409766      6.48371731537382
0.03197189051420848      6.18694459405229
0.033011029853512334      5.90355664603259
0.034083942940602865      5.63294954510264
0.035191727478161836      5.37454593610515
0.03633551684602447      5.12779564579489
0.03751648126074566      4.89217011967801
0.038735828972854575      4.66716893306167
0.039994807503021645      4.45231185938728
0.04129470491840296      4.24713989926088
0.042636851150468544      4.0512153472985
0.04402261935566136      3.8641203248987
0.04545342732028072      3.68545822640683
0.04693073891102642      3.51484531692781
0.048456065572688015      3.3519189369496
0.05003096787451125      3.1963323421665
0.0516570571068245      3.04775300462911
0.05333599692955765      2.90586528557468
0.05506950507434073      2.77036718264367
0.05685935510192392      2.64097004580455
0.05870737821671594      2.51739894561748
0.060615465140298704      2.39939099138718
0.06258556804583364      2.28669552299572
0.06461970255533982      2.17907609313189
0.06671994980188686      2.07629565137898
0.0688884585588122      1.97814458287692
0.07112744743814216      1.88441227056459
0.07343920716046433      1.79490048578144
0.07582610289857558      1.70941830177262
0.07829057669730194      1.62778628965617
0.0808351499719664      1.54983157173108
0.08346242608806186      1.47538906575866
0.0861750930247669      1.40430193521123
0.08897592612503079      1.33642032983899
0.09186779093504013      1.27160050392862
0.09485364613597425      1.20970662447344
0.09793654657104535      1.15060814973142
0.10111964637092459      1.09418078789817
0.10440620218074848      1.04030588660672
0.10779957649200836      0.988870296232588
0.11130324108273261      0.939766031811774
0.11492078056947928      0.892890088189251
0.11865589607477556      0.848144115694458
0.1225124090137541      0.805434318481382
0.12649426500386204      0.764671180794554
0.13060553790164173      0.725769356491605
0.13485043397071295      0.688647194424628
0.13923329618522273      0.653227165710353
0.14375860867316315      0.619434971129869
0.1484310013041053      0.587199873077214
0.1532552544260411      0.556454179254003
0.15823630375618156      0.527133451707201
0.16337924543071325      0.499176156370011
0.16868934121868007      0.472523507586237
0.1741720239053259      0.447119502430102
0.17983290285040313      0.42291053286414
0.18567776972713723      0.399845494282688
0.1917126044477156      0.377875573876837
0.19794358128136544      0.356954144566429
0.20437707517127945      0.337036674075594
0.21101966825685117      0.318080603210769
0.21787815660789508      0.300045265282568
0.224959557177738      0.282891784923293
0.23227111498230024      0.266582970638954
0.23982031051250566      0.251083275778074
0.24761486738761013      0.236358664265718
0.25566276025727436      0.222376560879067
0.2639722229604662      0.209105757060147
0.27255175694954364      0.196516341113057
0.2814101399881316      0.184579647089072
0.29055643513169616      0.173268145543304
0.3      0.162555404397167
0.3035      0.158813428643831
0.307      0.155187313136277
0.3105      0.151672495001189
0.314      0.148264646258358
0.3175      0.144959644737141
0.321      0.141753557542585
0.3245      0.138642686114355
0.328      0.135623391023949
0.3315      0.132692334935211
0.335      0.129846255816081
0.3385      0.127082057802773
0.342      0.124396783117918
0.3455      0.121787606687257
0.349      0.119251825971092
0.3525      0.116786859264448
0.356      0.11439023083142
0.3595      0.112059574248417
0.363      0.109792624466507
0.3665      0.107587194646647
0.37      0.105441242411471
0.3735      0.10335273394888
0.377      0.101319765138204
0.3805      0.0993404971873417
0.384      0.097413168783529
0.3875      0.0955360837649416
0.391      0.0937076142200063
0.3945      0.0919261963779292
0.398      0.0901903243218061
0.4015      0.0884985534157911
0.405      0.0868494902485095
0.4085      0.0852417950347096
0.412      0.0836741781791389
0.4155      0.0821454016476283
0.419      0.0806542617332725
0.4225      0.0791996076722361
0.426      0.0777803281430811
0.4295      0.0763953516036387
0.433      0.0750436442549083
0.4365      0.0737242085342531
0.44      0.0724360777960933
0.4435      0.0711783311918976
0.447      0.0699500658404718
0.4505      0.0687504164433743
0.454      0.06757854430292
0.4575      0.0664336406941741
0.461      0.0653149227199612
0.4645      0.0642216345577429
0.468      0.0631530435654802
0.4715      0.062108442145645
0.475      0.0610871461059635
0.4785      0.0600884899772723
0.482      0.059111837665872
0.4855      0.058156558432087
0.489      0.057222062803179
0.4925      0.0563077464934795
0.496      0.0554130656666166
0.4995      0.0545374638233222
0.503      0.0536804287122121
0.5065      0.0528413932429637
0.51      0.0520199085898911
0.5135      0.0512154741768997
0.517      0.0504276196489073
0.5205      0.0496558893565216
0.524      0.048899839608228
0.5275      0.0481590410032387
0.531      0.0474330760892914
0.5345      0.0467215398102149
0.538      0.0460240379037187
0.5415      0.0453401879487717
0.545      0.0446696214786801
0.5485      0.0440119703592809
0.552      0.0433668872070457
0.5555      0.0427340298343169
0.559      0.0421130661129261
0.5625      0.0415036740761135
0.566      0.0409055380714607
0.5695      0.0403183534064864
0.573      0.0397418213735294
0.5765      0.0391756534505039
0.58      0.0386195676495386
0.5835      0.0380732875223898
0.587      0.0375365469420617
0.5905      0.0370090899333225
0.594      0.0364906586524943
0.5975      0.0359810070769341
0.601      0.0354798945368745
0.6045      0.0349870867550701
0.608      0.0345023550070834
0.6115      0.0340254827721208
0.615      0.03355624077104
0.6185      0.0330944233781891
0.622      0.0326398240501221
0.6255      0.032192241626097
0.629      0.031751473671735
0.6325      0.0313173403215911
0.636      0.0308896487770815
0.6395      0.03046821663968
0.643      0.030052865760987
0.6465      0.0296434222755646
0.65      0.0292397166895005
0.6535      0.02884158350939
0.657      0.0284488607047751
0.6605      0.0280613907595179
0.664      0.0276790189018463
0.6675      0.0273015946967252
0.671      0.0269289709011825
0.6745      0.0265610039607649
0.678      0.026197552536528
0.6815      0.0258384803770176
0.685      0.0254836526077226
0.6885      0.0251329381520136
0.692      0.0247862087760989
0.6955      0.0244433390835276
0.699      0.0241042064414815
0.7025      0.0237686909422292
0.706      0.0234366753119756
0.7095      0.0231080449025221
0.713      0.0227826874575974
0.7165      0.0224604962292149
0.72      0.0221413549465996
0.7235      0.0218251672772075
0.727      0.0215118275185114
0.7305      0.0212012350059294
0.734      0.0208932923638601
0.7375      0.0205879007523799
0.741      0.020284967107207
0.7445      0.0199843989373159
0.748      0.0196861044553904
0.7515      0.0193899975431271
0.755      0.0190959901248472
0.7585      0.0188039971440697
0.762      0.0185139353254954
0.7655      0.0182257231763398
0.769      0.0179392806984213
0.7725      0.0176545296039278
0.776      0.017371393125687
0.7795      0.017089796131606
0.783      0.0168096648865882
0.7865      0.0165309271574971
0.79      0.0162535121633971
0.7935      0.0159773504928331
0.797      0.0157023741013709
0.8005      0.0154285162551328
0.804      0.0151557118191534
0.8075      0.0148838961379435
0.811      0.0146130064294454
0.8145      0.0143429812560681
0.818      0.014073760091144
0.8215      0.0138052833455342
0.825      0.0135374929088588
0.8285      0.0132703325039284
0.832      0.0130037443835951
0.8355      0.012737673596564
0.839      0.0124720678127075
0.8425      0.012206873263096
0.846      0.0119420380174732
0.8495      0.01167751095643
0.853      0.0114132420690457
0.8565      0.0111491822056302
0.86      0.0108852831443289
0.8635      0.0106214974765802
0.867      0.0103577787086528
0.8705      0.0100940811836317
0.874      0.00983036005692218
0.8775      0.00956657193694393
0.881      0.00930267226094445
0.8845      0.00903861924133826
0.888      0.00877437114936828
0.8915      0.00850988770156834
0.895      0.00824512625478986
0.8985      0.00798004967806033
0.902      0.00771461867398121
0.9055      0.00744879477971698
0.909      0.00718254051836222
0.9125      0.00691581901704186
0.916      0.00664859409682201
0.9195      0.00638083008056079
0.923      0.00611249202799642
0.9265      0.00584354555744007
0.93      0.0055739575448411
0.9335      0.005303692740425
0.937      0.00503272053100435
0.9405      0.00476100812501277
0.944      0.0044885239581565
0.9475      0.00421523699009947
0.951      0.00394111672536569
0.9545      0.00366613314714651
0.958      0.00339025674386559
0.9615      0.0031134585025849
0.965      0.00283570989390387
0.9685      0.0025569831941449
0.972      0.00227724975025224
0.9755      0.00199648347547704
0.979      0.00171465725670226
0.9825      0.00143174487907087
0.986      0.00114772046774922
0.9895      0.000862558594501798
0.993      0.000576234238213958
0.9965      0.000288722781941991
1      0