0.      0.578686557496041
0.0005      0.578686557496041
0.000516250827251552      0.571326729814596
0.0005330298332758236      0.56404673889803
0.0005503541847568015      0.556846082638669
0.0005682416063241046      0.549724271141457
0.0005867103986871396      0.542680792603944
0.0006057794573586473      0.535715162386021
0.000625468291986796      0.528826859227853
0.0006457970463155974      0.522015397305026
0.000666786518794072      0.515280277537847
0.0006884581838552445      0.508621002757553
0.0007108342138867422      0.502037080972537
0.0007339375019154746      0.495528008597932
0.0007577916850296027      0.489093304758243
0.0007824211685617599      0.482732450093929
0.000807851151058269      0.476445003002131
0.0008341076500598998      0.470230394051584
0.0008612175287205427      0.46408812090685
0.0008892085232910348      0.458017753083525
0.0009181092714962553      0.452018820869993
0.0009479493418345232      0.446090725274283
0.0009787592638292738      0.440233065485074
0.0010105705592639653      0.434445328289521
0.0010434157744321712      0.428727002176621
0.0010773285134358546      0.42307760737521
0.0011123434725658892      0.417496615444602
0.001148496475800009      0.411983892235203
0.0011858245114544934      0.406538162099404
0.0012243657700270996      0.401159608775949
0.001264159683269947      0.395847550951742
0.0013052469645323404      0.390601493337739
0.001347669650414796      0.385420953909756
0.0013914711437768964      0.380305437610512
0.0014366962581429724      0.37525448228559
0.0014833912635510377      0.370267587408834
0.0015316039338918962      0.365344310660416
0.0015813835957868456      0.360484021551478
0.001632781179053986      0.355686719235644
0.0016858492688147696      0.350950926249348
0.001740642159294098      0.346277085781895
0.0017972159093690117      0.341664422205549
0.0018556283999228052      0.337112426127042
0.0019159393930632438      0.332620654807353
0.0019782105932654725      0.328188608789281
0.0020425057105021675      0.323815830725348
0.0021088905254255256      0.319501803268361
0.002177432956667776      0.315246092574419
0.0022482031303290638      0.311048192393133
0.0023212734517238163      0.306907658786835
0.0023967186794589712      0.302823995801376
0.0024746160019198825      0.298796724081903
0.002555045116242136      0.294825398590618
0.0026380883098500807      0.290909531516114
0.002723830544645506      0.287048635723972
0.002812359543932576      0.283242254517225
0.0029037658821679797      0.27948993835211
0.002998143077628105      0.275791166951479
0.003095587688088045      0.272145562290428
0.003196199409610346      0.268552551066436
0.0033000811785445267      0.265011733670754
0.0034073392768417775      0.261522640841824
0.0035180834407925452      0.258084794227984
0.0036324269732982764      0.254697739064845
0.0037504868597921723      0.251361001937777
0.0038723838879275697      0.248074134369369
0.003998242771156378      0.244836666798015
0.004128192276324037      0.241648151343237
0.004262365355411504      0.238508029944554
0.0044008992815590875      0.235416021574932
0.004543935789511278      0.232371838168192
0.004691621220626263      0.229374280878125
0.00484410667259849      0.226423627853285
0.005001548154047467      0.223519268425659
0.005164106744130956      0.220660576372448
0.0053319487573458505      0.2178471963836
0.00550524591368536      0.21507863626611
0.005684175514326585      0.212354560662977
0.005868920623028233      0.209674402915852
0.006059670253424039      0.207037764950468
0.006256619562403565      0.204444212949654
0.006459970049778167      0.201893253528111
0.006669929764436459      0.199384385289915
0.00688671351720014      0.196917445402234
0.007110543100598033      0.194491725980242
0.007341647515783102      0.192106862361146
0.007580263206824657      0.18976241609962
0.007826634302615465      0.187457961027267
0.008081012866641216      0.185193055039711
0.008343659154867927      0.182967253675765
0.008614841882011106      0.180780144705075
0.008894838496459098      0.178631289624772
0.009183935464131923      0.176520242505826
0.009482428561565944      0.174446605110386
0.009790623178524326      0.172409948619376
0.010108834630442804      0.170409839037664
0.01043738848103047      0.168445813349597
0.010776620875355601      0.166517505234521
0.011126878883757345      0.164624383080279
0.011488520856935112      0.162766296905334
0.011861916792578921      0.160942567966882
0.01224744871391589      0.159152862460944
0.012645511060560072      0.157396763472115
0.013056511092065577      0.155673872384529
0.013480869304595841      0.153983767415735
0.01391901986113531      0.152326039735026
0.014371411035683774      0.150700301499293
0.014838505671887665      0.149106117941987
0.01532078165657771      0.147543111592734
0.015818732408697293      0.14601087610806
0.01633286738412183      0.14450901010691
0.01686371259688557      0.143037118506503
0.01741181115734919      0.141594801829514
0.017977723827858647      0.14018169169807
0.018562029596463917      0.138797368260476
0.019165326269284577      0.13744147087992
0.01978823108212813      0.136113579857891
0.020431381331987047      0.134813350897098
0.02109543502906046      0.133540387558046
0.021781071569967666      0.132294141689179
0.02248899243284213      0.131074765684346
0.02321992189501729      0.12988135802595
0.023974607774038204      0.128713697090795
0.024753822192757426      0.127571509207886
0.0255583623692977      0.126454343671046
0.026389051432689752      0.125361873992362
0.02724673926501967      0.124293732720076
0.0281323033709475      0.123249580455637
0.029046649775486558      0.12222906329409
0.02999071395096208      0.121231835759463
0.03096546177409766      0.120257554051442
0.03197189051420848      0.119305883517623
0.033011029853512334      0.118376494482132
0.034083942940602865      0.117469051670406
0.035191727478161836      0.116583231804511
0.03633551684602447      0.115718713438158
0.03751648126074566      0.114875185550962
0.038735828972854575      0.114052329420048
0.039994807503021645      0.113249842948452
0.04129470491840296      0.112467420362798
0.042636851150468544      0.111704778300676
0.04402261935566136      0.11096160913542
0.04545342732028072      0.110237642652746
0.04693073891102642      0.109532598976021
0.048456065572688015      0.108846196826993
0.05003096787451125      0.108178177015583
0.0516570571068245      0.107528282613915
0.05333599692955765      0.10689625789302
0.05506950507434073      0.106281863343406
0.05685935510192392      0.105684859123364
0.05870737821671594      0.105105018331959
0.060615465140298704      0.104542115407513
0.06258556804583364      0.103995956572109
0.06461970255533982      0.103466296514098
0.06671994980188686      0.102953039779528
0.0688884585588122      0.102455968994746
0.07112744743814216      0.101974823035164
0.07343920716046433      0.101509461370146
0.07582610289857558      0.101059834058502
0.07829057669730194      0.100625748432556
0.0808351499719664      0.100207085072492
0.08346242608806186      0.0998037466257575
0.0861750930247669      0.0994156228311262
0.08897592612503079      0.0990426427582832
0.09186779093504013      0.0986847396368391
0.09485364613597425      0.0983418665502363
0.09793654657104535      0.0980140635158959
0.10111964637092459      0.0977011171180218
0.10440620218074848      0.097403239447688
0.10779957649200836      0.0971203742008214
0.11130324108273261      0.0968526032121839
0.11492078056947928      0.0966000142685889
0.11865589607477556      0.0963626022856741
0.1225124090137541      0.0961405956354847
0.12649426500386204      0.0959341114434903
0.13060553790164173      0.095743325246316
0.13485043397071295      0.0955684408890765
0.13923329618522273      0.0954097098141595
0.14375860867316315      0.0952674438019981
0.1484310013041053      0.0951418069007413
0.1532552544260411      0.095033286380184
0.15823630375618156      0.0949422259963173
0.16337924543071325      0.0948690537734238
0.16868934121868007      0.0948142763842656
0.1741720239053259      0.0947784452021171
0.17983290285040313      0.094761634856908
0.18567776972713723      0.0947654041732901
0.1917126044477156      0.0947896949808237
0.19794358128136544      0.094835500876002
0.20437707517127945      0.0949035918216256
0.21101966825685117      0.094995383022734
0.21787815660789508      0.0951102009503267
0.224959557177738      0.0952506759579041
0.23227111498230024      0.0954173644953523
0.23982031051250566      0.0956114525173496
0.24761486738761013      0.0958342199239216
0.25566276025727436      0.0960870381285152
0.2639722229604662      0.0963713850477336
0.27255175694954364      0.0966888445976263
0.2814101399881316      0.0970411234780788
0.29055643513169616      0.0974300491457121
0.3      0.0978575871883844
0.3035      0.0980225774056125
0.307      0.0981910399990579
0.3105      0.0983629383636018
0.314      0.0985382371200083
0.3175      0.0987169022205102
0.321      0.0988989023862473
0.3245      0.0990842067570568
0.328      0.0992727850060997
0.3315      0.0994646093875254
0.335      0.099659652448484
0.3385      0.0998578889191346
0.342      0.100059292942886
0.3455      0.100263842527821
0.349      0.100471513415315
0.3525      0.100682282304098
0.356      0.100896130549274
0.3595      0.101113036371071
0.363      0.101332982822763
0.3665      0.101555947340079
0.37      0.101781948730069
0.3735      0.102010865609578
0.377      0.102242784524804
0.3805      0.102477655594172
0.384      0.102715463105573
0.3875      0.102956192333508
0.391      0.103199828921578
0.3945      0.103446359398047
0.398      0.103695769959822
0.4015      0.103948047485252
0.405      0.10420318107274
0.4085      0.10446115707661
0.412      0.104721964830818
0.4155      0.104985592902979
0.419      0.105252031092912
0.4225      0.105521268873702
0.426      0.105793295753662
0.4295      0.106068102268185
0.433      0.106345680457303
0.4365      0.106626020282774
0.44      0.10690911318106
0.4435      0.107194951033647
0.447      0.107483519373851
0.4505      0.107774822290852
0.454      0.108068846446559
0.4575      0.108365584157936
0.461      0.108665030118823
0.4645      0.108967174960596
0.468      0.10927201343619
0.4715      0.109579538585193
0.475      0.109889744423048
0.4785      0.110202625403543
0.482      0.110518174967314
0.4855      0.110836387840693
0.489      0.111157258608376
0.4925      0.111480781538125
0.496      0.111806999518442
0.4995      0.11213581316418
0.503      0.112467263928712
0.5065      0.112801348508264
0.51      0.113138061878936
0.5135      0.113477351184429
0.517      0.113819308699256
0.5205      0.114163882368717
0.524      0.114511068459263
0.5275      0.114860862463768
0.531      0.115213261053993
0.5345      0.115568260813742
0.538      0.115925857897589
0.5415      0.116286042541297
0.545      0.116648824713719
0.5485      0.117014221284557
0.552      0.117382175724117
0.5555      0.117752718250425
0.559      0.118125833087725
0.5625      0.118501532586735
0.566      0.11887979660267
0.5695      0.119260628967376
0.573      0.119644031694315
0.5765      0.120030000066428
0.58      0.120418531730841
0.5835      0.120809624219998
0.587      0.121203275374541
0.5905      0.121599481186466
0.594      0.12199824502798
0.5975      0.122399559420457
0.601      0.122803396080412
0.6045      0.123209809162707
0.608      0.123618768937517
0.6115      0.124030273547649
0.615      0.124444321217584
0.6185      0.124860910283118
0.622      0.125280039260722
0.6255      0.125701706293705
0.629      0.126125909977969
0.6325      0.126552648866688
0.636      0.12698192149897
0.6395      0.127413726491581
0.643      0.127848062416094
0.6465      0.128284791995111
0.65      0.128724185514693
0.6535      0.129166106349222
0.657      0.129610553283189
0.6605      0.130057664458505
0.664      0.130507161033425
0.6675      0.130959180548718
0.671      0.13141372538259
0.6745      0.131870787226738
0.678      0.132330369224192
0.6815      0.132792470194029
0.685      0.133257088508236
0.6885      0.133724224571802
0.692      0.134193877348088
0.6955      0.134666042169125
0.699      0.135140731860772
0.7025      0.13561792939876
0.706      0.136097640435219
0.7095      0.136579858652946
0.713      0.137064594843223
0.7165      0.137551843202911
0.72      0.138041601703211
0.7235      0.138533870517333
0.727      0.139028649149454
0.7305      0.139525936532774
0.734      0.140025733266516
0.7375      0.140528038326357
0.741      0.141032851318792
0.7445      0.141540171674333
0.748      0.142049999109936
0.7515      0.142562333536753
0.755      0.143077173826318
0.7585      0.143594520015318
0.762      0.1441143717599
0.7655      0.144636728761891
0.769      0.145161590717284
0.7725      0.145688957299937
0.776      0.14621882833471
0.7795      0.146751202860312
0.783      0.147286081976016
0.7865      0.147823464803871
0.79      0.148363351143993
0.7935      0.148905740790565
0.797      0.149450633576063
0.8005      0.149998029400485
0.804      0.150547933355398
0.8075      0.151100334813514
0.811      0.151655238882004
0.8145      0.152212645479318
0.818      0.152772554508021
0.8215      0.153334965975168
0.825      0.153899879667082
0.8285      0.154467295586361
0.832      0.155037209102132
0.8355      0.155609666110459
0.839      0.156184588671246
0.8425      0.156762013388482
0.846      0.157341940271413
0.8495      0.157924312470972
0.853      0.158509301065269
0.8565      0.159096734545503
0.86      0.159686670304985
0.8635      0.160279108398711
0.867      0.160874048890481
0.8705      0.161471453494426
0.874      0.162071398796339
0.8775      0.162673846804094
0.881      0.163278797558475
0.8845      0.163886251165499
0.888      0.164496207306768
0.8915      0.165108666972556
0.895      0.16572362987167
0.8985      0.166341096127419
0.902      0.166961065894637
0.9055      0.167583539328164
0.909      0.168208518601013
0.9125      0.168835999878041
0.916      0.16946598530712
0.9195      0.17009847499104
0.923      0.17073346931907
0.9265      0.171370968383359
0.93      0.172010972385009
0.9335      0.172653471207002
0.937      0.173298485635986
0.9405      0.173946005641097
0.944      0.174596031441921
0.9475      0.175248563279075
0.951      0.175903601468521
0.9545      0.176561146071
0.958      0.177221197427816
0.9615      0.177883755771147
0.965      0.178548821875578
0.9685      0.179216395035024
0.972      0.179886475926789
0.9755      0.180559064942328
0.979      0.18123416228566
0.9825      0.181911768729221
0.986      0.182591895091013
0.9895      0.18327451923053
0.993      0.183959652852785
0.9965      0.184647296248516
1      0.1853374529193867831