0.      204342.759216724
0.0005      204342.759216724
0.000516250827251552      191538.039976253
0.0005330298332758236      179532.929329591
0.0005503541847568015      168277.621303136
0.0005682416063241046      157725.401620307
0.0005867103986871396      147832.473055608
0.0006057794573586473      138557.72901876
0.000625468291986796      129862.668818783
0.0006457970463155974      121711.14211686
0.000666786518794072      114069.290556094
0.0006884581838552445      106905.324299901
0.0007108342138867422      100189.449241548
0.0007339375019154746      93893.729589303
0.0007577916850296027      87991.9420542043
0.0007824211685617599      82459.5186172167
0.000807851151058269      77273.4197548821
0.0008341076500598998      72412.0317817141
0.0008612175287205427      67855.0945278431
0.0008892085232910348      63583.6024113741
0.0009181092714962553      59579.7354907901
0.0009479493418345232      55826.7865123056
0.0009787592638292738      52309.0829626161
0.0010105705592639653      49011.9345727371
0.0010434157744321712      45921.5616831507
0.0010773285134358546      43025.0463553115
0.0011123434725658892      40310.2755011596
0.001148496475800009      37765.8841538238
0.0011858245114544934      35381.2310759632
0.0012243657700270996      33146.3197434629
0.001264159683269947      31051.7886526291
0.0013052469645323404      29088.8570980496
0.001347669650414796      27249.2913815865
0.0013914711437768964      25525.3735538278
0.0014366962581429724      23909.8612058073
0.0014833912635510377      22395.9719285549
0.0015316039338918962      20977.3401709298
0.0015813835957868456      19648.0023210939
0.001632781179053986      18402.3628678275
0.0016858492688147696      17235.1776696394
0.001740642159294098      16141.5305971815
0.0017972159093690117      15116.8111848023
0.0018556283999228052      14156.6995290402
0.0019159393930632438      13257.1354610383
0.0019782105932654725      12414.3291905036
0.0020425057105021675      11624.7157711835
0.0021088905254255256      10884.9568905047
0.002177432956667776      10191.9224361056
0.0022482031303290638      9542.67768713509
0.0023212734517238163      8934.47121831317
0.0023967186794589712      8364.72531744594
0.0024746160019198825      7831.02208869094
0.002555045116242136      7331.0952936394
0.0026380883098500807      6862.82016824147
0.002723830544645506      6424.20661564302
0.002812359543932576      6013.38646933217
0.0029037658821679797      5628.61094247453
0.002998143077628105      5268.23965357329
0.003095587688088045      4930.73505311364
0.003196199409610346      4614.65641581588
0.0033000811785445267      4318.65305889991
0.0034073392768417775      4041.45893392277
0.0035180834407925452      3781.88741665336
0.0036324269732982764      3538.82662194663
0.0037504868597921723      3311.23385920457
0.0038723838879275697      3098.13266573346
0.003998242771156378      2898.60722583399
0.004128192276324037      2711.79959341265
0.004262365355411504      2536.90563485472
0.0044008992815590875      2373.17175954154
0.004543935789511278      2219.89170057968
0.004691621220626263      2076.40367268956
0.00484410667259849      1942.08749462603
0.005001548154047467      1816.36202273411
0.005164106744130956      1698.6826081773
0.0053319487573458505      1588.5390429105
0.00550524591368536      1485.45314882907
0.005684175514326585      1388.9768893267
0.005868920623028233      1298.69063463117
0.006059670253424039      1214.1934103496
0.006256619562403565      1135.13879948036
0.006459970049778167      1061.1598923909
0.006669929764436459      991.94005422185
0.00688671351720014      927.176557187846
0.007110543100598033      866.585463374949
0.007341647515783102      809.900817772211
0.007580263206824657      756.873375714784
0.007826634302615465      707.269865644383
0.008081012866641216      660.871619517875
0.008343659154867927      617.473865687952
0.008614841882011106      576.884792205649
0.008894838496459098      538.924746380994
0.009183935464131923      503.425449762611
0.009482428561565944      470.229308148311
0.009790623178524326      439.188707169048
0.010108834630442804      410.165429589191
0.01043738848103047      383.030019865142
0.010776620875355601      357.661228013342
0.011126878883757345      333.945577475894
0.011488520856935112      311.776724742303
0.011861916792578921      291.055148643212
0.01224744871391589      271.687651640112
0.012645511060560072      253.586959266801
0.013056511092065577      236.671385300499
0.013480869304595841      220.864435433352
0.01391901986113531      206.094509429984
0.014371411035683774      192.294550369322
0.014838505671887665      179.401826080859
0.01532078165657771      167.35758438552
0.015818732408697293      156.106847332496
0.01633286738412183      145.598144913805
0.01686371259688557      135.783313652135
0.01741181115734919      126.617268307489
0.017977723827858647      118.057822915045
0.018562029596463917      110.065496649535
0.019165326269284577      102.603341356035
0.01978823108212813      95.6367834907771
0.020431381331987047      89.1334785188795
0.02109543502906046      83.063159072908
0.021781071569967666      77.3975080628931
0.02248899243284213      72.1100336673397
0.02321992189501729      67.1759546783633
0.023974607774038204      62.572086003554
0.024753822192757426      58.2767465272875
0.0255583623692977      54.269653337926
0.026389051432689752      50.5318315299727
0.02724673926501967      47.0455450795992
0.0281323033709475      43.794199767739
0.029046649775486558      40.7622807753357
0.02999071395096208      37.935289657157
0.03096546177409766      35.2996529805018
0.03197189051420848      32.8426907818975
0.033011029853512334      30.5525478712277
0.034083942940602865      28.415994425342
0.035191727478161836      26.4291122365408
0.03633551684602447      24.5757768278286
0.03751648126074566      22.8490826186469
0.038735828972854575      21.2405791155491
0.039994807503021645      19.742355575308
0.04129470491840296      18.3470279518208
0.042636851150468544      17.0476964214809
0.04402261935566136      15.8379136775633
0.04545342732028072      14.7116572958392
0.04693073891102642      13.6633013952558
0.048456065572688015      12.6875959190824
0.05003096787451125      11.7796161706449
0.0516570571068245      10.934795818673
0.05333599692955765      10.1488487308396
0.05506950507434073      9.41777823955633
0.05685935510192392      8.73785299608471
0.05870737821671594      8.10558949985687
0.060615465140298704      7.51773621526227
0.06258556804583364      6.97125803894634
0.06461970255533982      6.46332179307097
0.06671994980188686      5.99128509870478
0.0688884585588122      5.55268047740242
0.07112744743814216      5.14520680414706
0.07343920716046433      4.76671623920825
0.07582610289857558      4.41520880825769
0.07829057669730194      4.08881400550317
0.0808351499719664      3.78579021602481
0.08346242608806186      3.50451340934304
0.0861750930247669      3.2434688056878
0.08897592612503079      3.00124434847831
0.09186779093504013      2.77652386986851
0.09485364613597425      2.56808030062651
0.09793654657104535      2.37477057348797
0.10111964637092459      2.1955292380586
0.10440620218074848      2.0293637615906
0.10779957649200836      1.87534939566938
0.11130324108273261      1.73262489024825
0.11492078056947928      1.60038901853297
0.11865589607477556      1.47789388815974
0.1225124090137541      1.36444464183489
0.12649426500386204      1.2593939923609
0.13060553790164173      1.16213956005814
0.13485043397071295      1.07212067717691
0.13923329618522273      0.988816003902879
0.14375860867316315      0.911740217784766
0.1484310013041053      0.840442112081874
0.1532552544260411      0.774501904525623
0.15823630375618156      0.713529546747771
0.16337924543071325      0.65716231484205
0.16868934121868007      0.60506314657994
0.1741720239053259      0.556918856355046
0.17983290285040313      0.512438429492785
0.18567776972713723      0.471351703210857
0.1917126044477156      0.433407633090368
0.19794358128136544      0.398373222779852
0.20437707517127945      0.366032328794398
0.21101966825685117      0.336184160813004
0.21787815660789508      0.308642646453826
0.224959557177738      0.283235077811755
0.23227111498230024      0.259801365472618
0.23982031051250566      0.238193103728795
0.24761486738761013      0.21827278498524
0.25566276025727436      0.199912962398694
0.2639722229604662      0.182995632691468
0.27255175694954364      0.167411496042256
0.2814101399881316      0.153059425374335
0.29055643513169616      0.139845805741287
0.3      0.127684024870411
0.3035      0.123517706077469
0.307      0.119521169446936
0.3105      0.115685848800845
0.314      0.112003693204835
0.3175      0.108467102651798
0.321      0.105069077275562
0.3245      0.101802803741335
0.328      0.0986620151308218
0.3315      0.0956407667683088
0.335      0.0927334511789786
0.3385      0.0899347817423797
0.342      0.0872397287573314
0.3455      0.0846436737980125
0.349      0.082142059589312
0.3525      0.0797306999295203
0.356      0.0774055979231071
0.3595      0.0751629952318034
0.363      0.0729992911551904
0.3665      0.0709111020104911
0.37      0.0688952062468799
0.3735      0.0669485552099976
0.377      0.0650682478701837
0.3805      0.0632515385176415
0.384      0.0614958098403535
0.3875      0.0597985793120942
0.391      0.0581574778198451
0.3945      0.0565702631442429
0.398      0.0550347935399322
0.4015      0.0535490290408422
0.405      0.0521110292179425
0.4085      0.0507189440968352
0.412      0.0493710086213503
0.4155      0.048065540359508
0.419      0.0468009280027828
0.4225      0.0455756548018017
0.426      0.0443882401401946
0.4295      0.0432372887566347
0.433      0.04212146737924
0.4365      0.0410394964248374
0.44      0.0399901527554173
0.4435      0.0389722672871804
0.447      0.0379847197560989
0.4505      0.0370264396351983
0.454      0.0360963982695721
0.4575      0.0351936125915569
0.461      0.034317137152804
0.4645      0.0334660731968222
0.468      0.0326395530128476
0.4715      0.031836742588568
0.475      0.0310568383581811
0.4785      0.0302990815541874
0.482      0.0295627322071627
0.4855      0.0288470853147128
0.489      0.0281514595954024
0.4925      0.0274752012842228
0.496      0.0268176857050315
0.4995      0.0261783047267342
0.503      0.0255564780977947
0.5065      0.0249516488183604
0.51      0.0243632765064453
0.5135      0.0237908434122998
0.517      0.0232338485031034
0.5205      0.0226918128118982
0.524      0.0221642714327719
0.5275      0.0216507776424575
0.531      0.021150900642984
0.5345      0.0206642243643601
0.538      0.0201903482769458
0.5415      0.0197288852802411
0.545      0.0192794619881593
0.5485      0.0188417179075666
0.552      0.0184153028358167
0.5555      0.0179998827843636
0.559      0.017595131817656
0.5625      0.0172007357632052
0.566      0.016816390991598
0.5695      0.0164418039114878
0.573      0.0160766902970647
0.5765      0.0157207758246705
0.58      0.0153737948636463
0.5835      0.015035488584043
0.587      0.0147056107967056
0.5905      0.0143839185510675
0.594      0.0140701783523964
0.5975      0.0137641643246309
0.601      0.0134656574040585
0.6045      0.0131744448600643
0.608      0.012890321522287
0.6115      0.0126130871951636
0.615      0.0123425487793075
0.6185      0.0120785180265484
0.622      0.0118208129556362
0.6255      0.0115692575182565
0.629      0.011323679798073
0.6325      0.0110839133220083
0.636      0.0108497963429136
0.6395      0.0106211722137131
0.643      0.0103978882622363
0.6465      0.0101797965311327
0.65      0.00996675312496897
0.6535      0.00975861820765325
0.657      0.0095552555856848
0.6605      0.00935653264497024
0.664      0.00916232236406706
0.6675      0.00897249881141426
0.671      0.00878694055432455
0.6745      0.00860552980270304
0.678      0.00842815025192079
0.6815      0.00825469051863018
0.685      0.00808504144937956
0.6885      0.00791909690476347
0.692      0.00775675342807776
0.6955      0.00759791042183472
0.699      0.00744246965594565
0.7025      0.00729033541288111
0.706      0.00714141473552069
0.7095      0.00699561679874795
0.713      0.00685285302865051
0.7165      0.0067130370945346
0.72      0.0065760848005605
0.7235      0.00644191429654509
0.727      0.00631044531997978
0.7305      0.00618160113078173
0.734      0.0060553017199812
0.7375      0.00593147642207534
0.741      0.00581005140598261
0.7445      0.00569095575442454
0.748      0.00557412040997994
0.7515      0.00545947765788368
0.755      0.00534696156724899
0.7585      0.00523650764237932
0.762      0.00512805294293024
0.7655      0.00502153583828071
0.769      0.00491689622534571
0.7725      0.00481407525713269
0.776      0.00471301555954614
0.7795      0.0046136609294
0.783      0.0045159563535313
0.7865      0.00441984814457245
0.79      0.00432528376599049
0.7935      0.00423221175255627
0.797      0.00414058189512549
0.8005      0.00405034484506002
0.804      0.00396145250219203
0.8075      0.00387385771636646
0.811      0.00378751431046672
0.8145      0.00370237710184563
0.818      0.00361840184097015
0.8215      0.00353554521078784
0.825      0.00345376470070559
0.8285      0.00337301879097068
0.832      0.00329326674863142
0.8355      0.00321446853629936
0.839      0.00313658513391708
0.8425      0.00305957848306026
0.846      0.00298341057079339
0.8495      0.00290804474971686
0.853      0.00283344487523425
0.8565      0.00275957553704977
0.86      0.00268640201203022
0.8635      0.00261389024825274
0.867      0.00254200681905032
0.8705      0.00247071879399201
0.874      0.00239999445212171
0.8775      0.0023298017977603
0.881      0.00226010999500098
0.8845      0.00219088864898567
0.888      0.00212210791995545
0.8915      0.00205373849154454
0.895      0.00198575162581282
0.8985      0.00191811906015936
0.902      0.0018508130635597
0.9055      0.00178380639170218
0.909      0.0017170722771913
0.9125      0.00165058443814878
0.916      0.0015843170390892
0.9195      0.00151824468570864
0.923      0.00145234248539811
0.9265      0.00138658588516987
0.93      0.00132095080985115
0.9335      0.00125541354836378
0.937      0.00118995086474982
0.9405      0.00112453981518101
0.944      0.00105915791847704
0.9475      0.000993783035071246
0.951      0.000928393398617118
0.9545      0.000862967588329357
0.958      0.00079748454140487
0.9615      0.000731923530523306
0.965      0.000666264166954514
0.9685      0.000600486388220202
0.972      0.000534570450151004
0.9755      0.000468496920311905
0.979      0.000402246672977422
0.9825      0.000335800881958754
0.986      0.000269141014068424
0.9895      0.000202248820764805
0.993      0.000135106337879114
0.9965      0.0000676958715428333
1      0