0.0005	-738.039885702084
0.000516250827251552	-701.40270161989
0.0005330298332758236	-666.486030656907
0.0005503541847568015	-633.21238964628
0.0005682416063241046	-601.507670286182
0.0005867103986871396	-571.300996869173
0.0006057794573586473	-542.524585191048
0.000625468291986796	-515.113615031202
0.0006457970463155974	-489.006306212654
0.000666786518794072	-464.142981275378
0.0006884581838552445	-440.466986702418
0.0007108342138867422	-417.923242615185
0.0007339375019154746	-396.463658474335
0.0007577916850296027	-376.034834902072
0.0007824211685617599	-356.590741437362
0.000807851151058269	-338.086132748878
0.0008341076500598998	-320.477793670529
0.0008612175287205427	-303.724404326887
0.0008892085232910348	-287.786469562574
0.0009181092714962553	-272.626273942788
0.0009479493418345232	-258.207758717427
0.0009787592638292738	-244.496481779497
0.0010105705592639653	-231.459538599623
0.0010434157744321712	-219.065489931218
0.0010773285134358546	-207.284301894888
0.0011123434725658892	-196.087299575435
0.001148496475800009	-185.447084208186
0.0011858245114544934	-175.337485550156
0.0012243657700270996	-165.733529754312
0.001264159683269947	-156.611348333078
0.0013052469645323404	-147.948165452709
0.001347669650414796	-139.722226521657
0.0013914711437768964	-131.912773658058
0.0014366962581429724	-124.499975289456
0.0014833912635510377	-117.464900816599
0.0015316039338918962	-110.789539981578
0.0015813835957868456	-104.456617970279
0.001632781179053986	-98.449682860467
0.0016858492688147696	-92.7530580910226
0.001740642159294098	-87.3517609632131
0.0017972159093690117	-82.2315108023743
0.0018556283999228052	-77.3786755610271
0.0019159393930632438	-72.7802545838721
0.0019782105932654725	-68.4238512915061
0.0020425057105021675	-64.2976337670013
0.0021088905254255256	-60.390329366959
0.002177432956667776	-56.6911847054246
0.0022482031303290638	-53.1899451558756
0.0023212734517238163	-49.876836734227
0.0023967186794589712	-46.7425392282511
0.0024746160019198825	-43.778174369582
0.002555045116242136	-40.9752755895801
0.0026380883098500807	-38.3257767594126
0.002723830544645506	-35.8219906264547
0.002812359543932576	-33.4565899482581
0.0029037658821679797	-31.222607469898
0.002998143077628105	-29.1133878924261
0.003095587688088045	-27.1226026268121
0.003196199409610346	-25.2442232817048
0.0033000811785445267	-23.4725087791325
0.0034073392768417775	-21.8019930438811
0.0035180834407925452	-20.2274717311321
0.0036324269732982764	-18.743990707145
0.0037504868597921723	-17.3468344887588
0.0038723838879275697	-16.03151611101
0.003998242771156378	-14.793765038067
0.004128192276324037	-13.6295188436801
0.004262365355411504	-12.5349121985727
0.0044008992815590875	-11.5062687902726
0.004543935789511278	-10.5400922724
0.004691621220626263	-9.63305758422243
0.00484410667259849	-8.78200302439525
0.005001548154047467	-7.98392349659634
0.005164106744130956	-7.23596214191384
0.0053319487573458505	-6.53540390376003
0.00550524591368536	-5.87966873565085
0.005684175514326585	-5.26630567673939
0.005868920623028233	-4.69298594061978
0.006059670253424039	-4.15749820619154
0.006256619562403565	-3.65774205731952
0.006459970049778167	-3.1917234738838
0.006669929764436459	-2.75754929884094
0.00688671351720014	-2.35342287260722
0.007110543100598033	-1.97763896724866
0.007341647515783102	-1.62857994385991
0.007580263206824657	-1.30471102700892
0.007826634302615465	-1.00457189008549
0.008081012866641216	-0.726796597803463
0.008343659154867927	-0.470062307584287
0.008614841882011106	-0.233133394515557
0.008894838496459098	-0.0148344367851383
0.009183935464131923	0.185948235529638
0.009482428561565944	0.370269561038923
0.009790623178524326	0.53912853558198
0.010108834630442804	0.693471230887646
0.01043738848103047	0.834192919802701
0.010776620875355601	0.962140990304192
0.011126878883757345	1.07811716591396
0.011488520856935112	1.18287968548212
0.011861916792578921	1.27714566514356
0.01224744871391589	1.36159291379744
0.012645511060560072	1.43686209916286
0.013056511092065577	1.50355846610813
0.013480869304595841	1.56225369372264
0.01391901986113531	1.61348758847592
0.014371411035683774	1.65776968018625
0.014838505671887665	1.69558069696637
0.01532078165657771	1.72737418742529
0.015818732408697293	1.75357776730886
0.01633286738412183	1.77459452925777
0.01686371259688557	1.79080424578858
0.01741181115734919	1.80256463828923
0.017977723827858647	1.81021249408546
0.018562029596463917	1.8140646748273
0.019165326269284577	1.81441937158505
0.01978823108212813	1.81155699757189
0.020431381331987047	1.80574048504078
0.02109543502906046	1.79721780964171
0.021781071569967666	1.78622110148899
0.02248899243284213	1.77296808248721
0.02321992189501729	1.75766337980397
0.023974607774038204	1.74049849041758
0.024753822192757426	1.72165280872638
0.0255583623692977	1.70129428317861
0.026389051432689752	1.67957984501129
0.02724673926501967	1.65665682090641
0.0281323033709475	1.63266184888389
0.029046649775486558	1.60772306227994
0.02999071395096208	1.58195982682416
0.03096546177409766	1.55548328252751
0.03197189051420848	1.5283969902488
0.033011029853512334	1.50079707391443
0.034083942940602865	1.47277307077728
0.035191727478161836	1.44440759357511
0.03633551684602447	1.41577782466824
0.03751648126074566	1.38695445767666
0.038735828972854575	1.35800365559517
0.039994807503021645	1.32898593978045
0.04129470491840296	1.29995702502344
0.042636851150468544	1.27096831427383
0.04402261935566136	1.24206701053492
0.04545342732028072	1.21329627526366
0.04693073891102642	1.184695619716
0.048456065572688015	1.15630098111088
0.05003096787451125	1.12814510051244
0.0516570571068245	1.10025760271962
0.05333599692955765	1.07266527439816
0.05506950507434073	1.04539214137227
0.05685935510192392	1.01845981375006
0.05870737821671594	0.991887291040148
0.060615465140298704	0.965691930899936
0.06258556804583364	0.939888579470431
0.06461970255533982	0.914490229679691
0.06671994980188686	0.889508331544416
0.0688884585588122	0.864952150516418
0.07112744743814216	0.840829979612531
0.07343920716046433	0.817148430942754
0.07582610289857558	0.793912828482938
0.07829057669730194	0.771127247154048
0.0808351499719664	0.748794657913154
0.08346242608806186	0.726916934759882
0.0861750930247669	0.70549500939696
0.08897592612503079	0.684528947913706
0.09186779093504013	0.66401790931088
0.09485364613597425	0.643960399564993
0.09793654657104535	0.624354145339928
0.10111964637092459	0.605196299781483
0.10440620218074848	0.586483448519664
0.10779957649200836	0.568211532350496
0.11130324108273261	0.550376224246519
0.11492078056947928	0.532972598253156
0.11865589607477556	0.515995405737561
0.1225124090137541	0.499439086865207
0.12649426500386204	0.483297694110553
0.13060553790164173	0.467565024059118
0.13485043397071295	0.452234758061222
0.13923329618522273	0.437300185426505
0.14375860867316315	0.422754512734447
0.1484310013041053	0.408590773553962
0.1532552544260411	0.394801891325862
0.15823630375618156	0.381380654139768
0.16337924543071325	0.368319759391214
0.16868934121868007	0.355611875757718
0.1741720239053259	0.343249552050128
0.17983290285040313	0.331225403634468
0.18567776972713723	0.319531920584776
0.1917126044477156	0.308161633768185
0.19794358128136544	0.297107194527027
0.20437707517127945	0.286360926168399
0.21101966825685117	0.275915602882147
0.21787815660789508	0.265763851738352
0.224959557177738	0.255898305814945
0.23227111498230024	0.24631206400698
0.23982031051250566	0.236996872976955
0.24761486738761013	0.227946641020051
0.25566276025727436	0.219153960746885
0.2639722229604662	0.210611862864717
0.27255175694954364	0.202313408572998
0.2814101399881316	0.194251780061609
0.29055643513169616	0.186420391946792
0.3	0.178812456330011
0.3035	0.176107435498451
0.307	0.173461120353619
0.3105	0.170871655629284
0.314	0.168337156634808
0.3175	0.165855855989337
0.321	0.163426044744081
0.3245	0.161046105329247
0.328	0.158714502195505
0.3315	0.156429636381899
0.335	0.154190179247766
0.3385	0.151994710677749
0.342	0.149841903793127
0.3455	0.147730495582136
0.349	0.145659261804513
0.3525	0.143627014300808
0.356	0.141632597480872
0.3595	0.139675025449844
0.363	0.137753165976046
0.3665	0.13586600251811
0.37	0.134012591666237
0.3735	0.132192000633986
0.377	0.130403322381755
0.3805	0.128645685837127
0.384	0.126918253216853
0.3875	0.125220213872893
0.391	0.123550791336663
0.3945	0.121909226552618
0.398	0.12029479558843
0.4015	0.118706794887418
0.405	0.117144545280665
0.4085	0.115607390419814
0.412	0.114094693983153
0.4155	0.112605843816789
0.419	0.111140246177188
0.4225	0.109697325999157
0.426	0.108276529055528
0.4295	0.106877316522477
0.433	0.105499165206076
0.4365	0.104141577330316
0.44	0.102804057858227
0.4435	0.101486136645686
0.447	0.100187348011843
0.4505	0.0989072543733681
0.454	0.0976454214476492
0.4575	0.0964014300669911
0.461	0.0951748775061717
0.4645	0.0939653618492827
0.468	0.0927725084397705
0.4715	0.0915959431542964
0.475	0.0904353054585862
0.4785	0.0892902453749213
0.482	0.088160425019223
0.4855	0.0870455090415733
0.489	0.0859451787106519
0.4925	0.0848591223906966
0.496	0.0837870345127864
0.4995	0.0827286254789371
0.503	0.0816836031882215
0.5065	0.0806516893226268
0.51	0.0796326148271027
0.5135	0.0786261137139016
0.517	0.0776319286879918
0.5205	0.0766498078475125
0.524	0.0756795130985541
0.5275	0.074720801408162
0.531	0.0737734428918353
0.5345	0.0728372143388233
0.538	0.0719118942585385
0.5415	0.0709972709403962
0.545	0.0700931337952111
0.5485	0.069199280272698
0.552	0.0683155141581654
0.5555	0.0674416434807268
0.559	0.0665774744527394
0.5625	0.0657228277611183
0.566	0.0648775238339574
0.5695	0.0640413872151351
0.573	0.0632142443597425
0.5765	0.0623959327059461
0.58	0.0615862925675796
0.5835	0.0607851660612991
0.587	0.0599923891324427
0.5905	0.0592078206827117
0.594	0.0584313058348077
0.5975	0.0576627034967898
0.601	0.0569018723477942
0.6045	0.0561486761012992
0.608	0.0554029787008216
0.6115	0.0546646497536211
0.615	0.0539335600256731
0.6185	0.053209584491333
0.622	0.0524926031986564
0.6255	0.0517824904210321
0.629	0.0510791318712541
0.6325	0.0503824132925685
0.636	0.0496922199350918
0.6395	0.0490084449634676
0.643	0.0483309795523905
0.6465	0.0476597165810686
0.65	0.0469945593084724
0.6535	0.0463354033974694
0.657	0.0456821505564796
0.6605	0.0450347056809853
0.664	0.0443929716397795
0.6675	0.043756855825333
0.671	0.0431262713983777
0.6745	0.0425011272236955
0.678	0.0418813370671533
0.6815	0.0412668157196278
0.685	0.040657480281994
0.6885	0.0400532484860604
0.692	0.0394540442371251
0.6955	0.0388597826681335
0.699	0.0382703878152942
0.7025	0.0376857886026122
0.706	0.0371059093792873
0.7095	0.0365306777474664
0.713	0.0359600230281804
0.7165	0.0353938756302727
0.72	0.0348321670500996
0.7235	0.0342748318877786
0.727	0.0337218028281456
0.7305	0.0331730160854937
0.734	0.0326284085424723
0.7375	0.0320879196782783
0.741	0.0315514871953917
0.7445	0.0310190519082771
0.748	0.0304905560766599
0.7515	0.0299659417316729
0.755	0.029445154578565
0.7585	0.0289281354374191
0.762	0.028414832548994
0.7655	0.0279051923811523
0.769	0.0273991629260991
0.7725	0.0268966925049438
0.776	0.0263977307301936
0.7795	0.0259022281876926
0.783	0.0254101364523243
0.7865	0.0249214078046195
0.79	0.0244359952215302
0.7935	0.0239538525701228
0.797	0.02347493513277
0.8005	0.0229991982382181
0.804	0.0225265981021853
0.8075	0.0220570918810734
0.811	0.0215906373013516
0.8145	0.021127193593976
0.818	0.0206667193515467
0.8215	0.0202091745387437
0.825	0.019754520134873
0.8285	0.0193027174566305
0.832	0.0188537284401383
0.8355	0.0184075158322307
0.839	0.0179640426811321
0.8425	0.0175232729181786
0.846	0.0170851711353942
0.8495	0.0166497016338339
0.853	0.0162168314868024
0.8565	0.0157865260958471
0.86	0.0153587523797612
0.8635	0.0149334777018461
0.867	0.0145106694314962
0.8705	0.014090296402437
0.874	0.0136723268286324
0.8775	0.013256731567466
0.881	0.0128434790786072
0.8845	0.0124325405961163
0.888	0.0120238859450812
0.8915	0.0116174862339157
0.895	0.0112133151800339
0.8985	0.0108113430273242
0.902	0.0104115431461221
0.9055	0.0100138883610195
0.909	0.00961835216550986
0.9125	0.0092249084444546
0.916	0.00883353138861314
0.9195	0.00844419599655989
0.923	0.00805687591909901
0.9265	0.00767154894204664
0.93	0.00728818952778268
0.9335	0.00690677403763254
0.937	0.00652727902091843
0.9405	0.00614968126697574
0.944	0.00577395814988903
0.9475	0.00540008715463013
0.951	0.00502804646604102
0.9545	0.00465781375100831
0.958	0.00428936769102294
0.9615	0.00392268763149614
0.965	0.00355775207435173
0.9685	0.00319454114584154
0.972	0.0028330346535398
0.9755	0.00247321205363699
0.979	0.00211505417135308
0.9825	0.00175854159664396
0.986	0.00140365523265838
0.9895	0.00105037605788537
0.993	0.000698686229813496
0.9965	0.000348566802601297
1	0