0.0005	-404122.427663479
0.000516250827251552	-378728.775742872
0.0005330298332758236	-354923.631417404
0.0005503541847568015	-332607.947637538
0.0005682416063241046	-311688.809226793
0.0005867103986871396	-292079.165502067
0.0006057794573586473	-273697.273364441
0.000625468291986796	-256466.53005188
0.0006457970463155974	-240315.105894886
0.000666786518794072	-225175.634014606
0.0006884581838552445	-210984.94312673
0.0007108342138867422	-197683.790559145
0.0007339375019154746	-185216.637173453
0.0007577916850296027	-173531.379755783
0.0007824211685617599	-162579.195282789
0.000807851151058269	-152314.261991124
0.0008341076500598998	-142693.636069241
0.0008612175287205427	-133677.046467677
0.0008892085232910348	-125226.729736281
0.0009181092714962553	-117307.287583894
0.0009479493418345232	-109885.505493837
0.0009787592638292738	-102930.255017232
0.0010105705592639653	-96412.3492671567
0.0010434157744321712	-90304.4217911352
0.0010773285134358546	-84580.8043919604
0.0011123434725658892	-79217.4370552582
0.001148496475800009	-74191.7571629504
0.0011858245114544934	-69482.6187506353
0.0012243657700270996	-65070.1921825563
0.001264159683269947	-60935.8632929645
0.0013052469645323404	-57062.2045524968
0.001347669650414796	-53432.8872201895
0.0013914711437768964	-50032.5777713225
0.0014366962581429724	-46846.9111862271
0.0014833912635510377	-43862.41579179
0.0015316039338918962	-41066.4646725854
0.0015813835957868456	-38447.219618419
0.001632781179053986	-35993.5818387721
0.0016858492688147696	-33695.1493843929
0.001740642159294098	-31542.1675729948
0.0017972159093690117	-29525.4915559604
0.0018556283999228052	-27636.5503632759
0.0019159393930632438	-25867.309874949
0.0019782105932654725	-24210.2386926405
0.0020425057105021675	-22658.2750744768
0.0021088905254255256	-21204.8008693443
0.002177432956667776	-19843.6122989009
0.0022482031303290638	-18568.8942765508
0.0023212734517238163	-17375.196156108
0.0023967186794589712	-16257.4092802732
0.0024746160019198825	-15210.7440755839
0.002555045116242136	-14230.7129360889
0.0026380883098500807	-13313.1093702717
0.002723830544645506	-12453.9899369933
0.002812359543932576	-11649.6595890973
0.0029037658821679797	-10896.6552233013
0.002998143077628105	-10191.7308776792
0.003095587688088045	-9531.84472690356
0.003196199409610346	-8914.14617899669
0.0033000811785445267	-8335.96363583256
0.0034073392768417775	-7794.79384824501
0.0035180834407925452	-7288.23081882992
0.0036324269732982764	-6814.25582460023
0.0037504868597921723	-6370.6290511297
0.0038723838879275697	-5955.48040982522
0.003998242771156378	-5567.00078806224
0.004128192276324037	-5203.49649883527
0.004262365355411504	-4863.37868857587
0.0044008992815590875	-4545.15999588753
0.004543935789511278	-4247.44646140776
0.004691621220626263	-3968.93225515435
0.00484410667259849	-3708.39388735601
0.005001548154047467	-3464.68512883647
0.005164106744130956	-3236.73246464273
0.0053319487573458505	-3023.52982097241
0.00550524591368536	-2824.13500640047
0.005684175514326585	-2637.66524201606
0.005868920623028233	-2463.29429388543
0.006059670253424039	-2300.24727511715
0.006256619562403565	-2147.798979805
0.006459970049778167	-2005.26967758662
0.006669929764436459	-1872.02458934809
0.00688671351720014	-1747.46617653861
0.007110543100598033	-1631.03708738225
0.007341647515783102	-1522.21466326133
0.007580263206824657	-1420.50955835038
0.007826634302615465	-1325.46342621577
0.008081012866641216	-1236.64766086792
0.008343659154867927	-1153.65942582984
0.008614841882011106	-1076.12349907864
0.008894838496459098	-1003.68737053632
0.009183935464131923	-936.021318637423
0.009482428561565944	-872.816634766743
0.009790623178524326	-813.784362734888
0.010108834630442804	-758.653997957646
0.01043738848103047	-707.172317983008
0.010776620875355601	-659.102310839345
0.011126878883757345	-614.222158577721
0.011488520856935112	-572.324239462618
0.011861916792578921	-533.214261563358
0.01224744871391589	-496.71040254001
0.012645511060560072	-462.642497301011
0.013056511092065577	-430.851323776436
0.013480869304595841	-401.187924384655
0.01391901986113531	-373.512912820265
0.014371411035683774	-347.695876756108
0.014838505671887665	-323.61482575694
0.01532078165657771	-301.155651899054
0.015818732408697293	-280.211584072127
0.01633286738412183	-260.682785141194
0.01686371259688557	-242.475868867395
0.01741181115734919	-225.503495006193
0.017977723827858647	-209.683988378284
0.018562029596463917	-194.940989597056
0.019165326269284577	-181.203058595692
0.01978823108212813	-168.403431101037
0.020431381331987047	-156.479693926638
0.02109543502906046	-145.373486914602
0.021781071569967666	-135.030259859887
0.02248899243284213	-125.399022689171
0.02321992189501729	-116.43212901563
0.023974607774038204	-108.08504020061
0.024753822192757426	-100.316139286908
0.0255583623692977	-93.0865407850003
0.026389051432689752	-86.3599134386131
0.02724673926501967	-80.1023079701262
0.0281323033709475	-74.2820238433501
0.029046649775486558	-68.8694419511312
0.02999071395096208	-63.8369007598843
0.03096546177409766	-59.1585668629155
0.03197189051420848	-54.810320216958
0.033011029853512334	-50.7696332597752
0.034083942940602865	-47.0154818392047
0.035191727478161836	-43.5282349500272
0.03633551684602447	-40.2895355763789
0.03751648126074566	-37.2823862770045
0.038735828972854575	-34.4907252493023
0.039994807503021645	-31.899698220985
0.04129470491840296	-29.4954098879004
0.042636851150468544	-27.2649017734692
0.04402261935566136	-25.1960843651112
0.04545342732028072	-23.2776822226398
0.04693073891102642	-21.4991833421937
0.048456065572688015	-19.8507843157037
0.05003096787451125	-18.3233459788584
0.0516570571068245	-16.9083500306042
0.05333599692955765	-15.5978579825867
0.05506950507434073	-14.3844647375025
0.05685935510192392	-13.2612836978481
0.05870737821671594	-12.2218902990955
0.060615465140298704	-11.2603023439006
0.06258556804583364	-10.3709495106694
0.06461970255533982	-9.54864391929322
0.06671994980188686	-8.78855626867013
0.0688884585588122	-8.08619136395833
0.07112744743814216	-7.43736531274591
0.07343920716046433	-6.83818492554178
0.07582610289857558	-6.28502915526377
0.07829057669730194	-5.77452907809888
0.0808351499719664	-5.30355189966917
0.08346242608806186	-4.86918498646301
0.0861750930247669	-4.46872057664697
0.08897592612503079	-4.09964233642799
0.09186779093504013	-3.75961117712594
0.09485364613597425	-3.44645674306903
0.09793654657104535	-3.15815990608857
0.10111964637092459	-2.89284782033232
0.10440620218074848	-2.64878146170684
0.10779957649200836	-2.42434679148097
0.11130324108273261	-2.21804623692558
0.11492078056947928	-2.02849067367049
0.11865589607477556	-1.85439182088114
0.1225124090137541	-1.6945552231559
0.12649426500386204	-1.54787399704266
0.13060553790164173	-1.41332239059611
0.13485043397071295	-1.28995034314149
0.13923329618522273	-1.17687815062371
0.14375860867316315	-1.07329100929532
0.1484310013041053	-0.978435598433482
0.1532552544260411	-0.89161455738345
0.15823630375618156	-0.812183141922008
0.16337924543071325	-0.739545285708511
0.16868934121868007	-0.67315018765883
0.1741720239053259	-0.612489042801445
0.17983290285040313	-0.557092025812239
0.18567776972713723	-0.506525498206973
0.1917126044477156	-0.460389348722812
0.19794358128136544	-0.41831461246602
0.20437707517127945	-0.379961154001272
0.21101966825685117	-0.345015577064139
0.21787815660789508	-0.313189255039582
0.224959557177738	-0.284216498326034
0.23227111498230024	-0.257852842144737
0.23982031051250566	-0.233873502783129
0.24761486738761013	-0.212071861201833
0.25566276025727436	-0.192258115747886
0.2639722229604662	-0.174257946047481
0.27255175694954364	-0.157911666280702
0.2814101399881316	-0.143072407845216
0.29055643513169616	-0.129605896307337
0.3	-0.117389021697189
0.3035	-0.113245137018097
0.307	-0.109290694860917
0.3105	-0.105515145748407
0.314	-0.101908645133001
0.3175	-0.0984619597700728
0.321	-0.09516646127266
0.3245	-0.092014061878519
0.328	-0.0889971820498127
0.3315	-0.0861087116496629
0.335	-0.0833419763831497
0.3385	-0.0806907068370492
0.342	-0.0781490167510278
0.3455	-0.0757113623374811
0.349	-0.0733725457618344
0.3525	-0.0711276523038011
0.356	-0.0689720633774671
0.3595	-0.0669014288179802
0.363	-0.0649116435289347
0.3665	-0.0629988362289709
0.37	-0.0611593511274516
0.3735	-0.0593897392506216
0.377	-0.0576867382062362
0.3805	-0.0560472662067536
0.384	-0.0544684091367515
0.3875	-0.0529474091821208
0.391	-0.0514816546739929
0.3945	-0.0500686746001366
0.398	-0.0487061254749589
0.4015	-0.0473917868151728
0.405	-0.0461235539282692
0.4085	-0.0448994285268674
0.412	-0.0437175144545566
0.4155	-0.0425760112876762
0.419	-0.0414732094628731
0.4225	-0.040407483484817
0.426	-0.0393772889642214
0.4295	-0.0383811563908748
0.433	-0.0374176874144334
0.4365	-0.0364855518568214
0.44	-0.0355834832256958
0.4435	-0.0347102746533036
0.447	-0.0338647764960006
0.4505	-0.0330458934821948
0.454	-0.0322525799832078
0.4575	-0.0314838393612707
0.461	-0.0307387210197303
0.4645	-0.0300163170427027
0.468	-0.0293157599946811
0.4715	-0.0286362233332385
0.475	-0.0279769145471349
0.4785	-0.0273370712919646
0.482	-0.026715991210729
0.4855	-0.0261129625590403
0.489	-0.0255273306135527
0.4925	-0.0249584624381064
0.496	-0.024405751931498
0.4995	-0.0238686158845136
0.503	-0.0233465074495092
0.5065	-0.0228388851629149
0.51	-0.0223452414018736
0.5135	-0.0218650867644531
0.517	-0.0213979523503255
0.5205	-0.0209433874504279
0.524	-0.0205009605909137
0.5275	-0.0200702567555189
0.531	-0.0196508777259243
0.5345	-0.0192424418363042
0.538	-0.0188445812990705
0.5415	-0.0184569434278497
0.545	-0.0180791894325111
0.5485	-0.0177109926996596
0.552	-0.0173520401080801
0.5555	-0.01700202963491
0.559	-0.0166606715709188
0.5625	-0.0163276868423473
0.566	-0.0160028062309224
0.5695	-0.015685771341916
0.573	-0.0153763327461487
0.5765	-0.0150742504076083
0.58	-0.0147792930105425
0.5835	-0.0144912373811766
0.587	-0.0142098691609989
0.5905	-0.0139349807828165
0.594	-0.013666372381856
0.5975	-0.0134038513842839
0.601	-0.0131472312647744
0.6045	-0.0128963328339478
0.608	-0.0126509827758329
0.6115	-0.0124110136941077
0.615	-0.012176263953813
0.6185	-0.0119465774747711
0.622	-0.0117218033714107
0.6255	-0.0115017959423709
0.629	-0.0112864145214308
0.6325	-0.0110755220155825
0.636	-0.0108689875565491
0.6395	-0.0106666836145073
0.643	-0.0104684867956887
0.6465	-0.0102742776973128
0.65	-0.0100839411206535
0.6535	-0.00989736525824533
0.657	-0.00971444193006405
0.6605	-0.00953506635703727
0.664	-0.00935913668394504
0.6675	-0.00918655590415951
0.671	-0.00901722738424105
0.6745	-0.00885105935279343
0.678	-0.00868796228374457
0.6815	-0.00852784943989453
0.685	-0.00837063668194955
0.6885	-0.00821624239631776
0.692	-0.00806458759089486
0.6955	-0.00791559522258413
0.699	-0.00776919091154697
0.7025	-0.00762530228415863
0.706	-0.00748385914302732
0.7095	-0.00734479329735811
0.713	-0.00720803853822996
0.7165	-0.00707353057462709
0.72	-0.00694120696152267
0.7235	-0.00681100690840062
0.727	-0.00668287146515138
0.7305	-0.00655674328601992
0.734	-0.00643256658479858
0.7375	-0.00631028733901249
0.741	-0.00618985266373614
0.7445	-0.00607121135963154
0.748	-0.00595431357412179
0.7515	-0.00583911075686311
0.755	-0.00572555570917273
0.7585	-0.00561360250530378
0.762	-0.0055032063886762
0.7655	-0.00539432382374324
0.769	-0.00528691239246276
0.7725	-0.00518093078439379
0.776	-0.00507633882812396
0.7795	-0.00497309728148267
0.783	-0.0048711680607889
0.7865	-0.00477051387105306
0.79	-0.00467109850251868
0.7935	-0.00457288657067993
0.797	-0.00447584363620913
0.8005	-0.00437993592162974
0.804	-0.00428513124246093
0.8075	-0.00419139698883103
0.811	-0.0040987022412805
0.8145	-0.0040070166080342
0.818	-0.00391631037080131
0.8215	-0.00382655458214038
0.825	-0.00373772099797525
0.8285	-0.00364978136451612
0.832	-0.00356271063790662
0.8355	-0.0034764806203859
0.839	-0.00339106587870098
0.8425	-0.00330644243013646
0.846	-0.0032225846383212
0.8495	-0.0031394690015515
0.853	-0.0030570720841452
0.8565	-0.00297537101596026
0.86	-0.00289434345662741
0.8635	-0.00281396757715632
0.867	-0.00273422203092956
0.8705	-0.00265508589695573
0.874	-0.00257653883226398
0.8775	-0.00249856083196176
0.881	-0.00242113238211968
0.8845	-0.00234423439097338
0.888	-0.00226784817340815
0.8915	-0.00219195544919245
0.895	-0.00211653833083751
0.8985	-0.0020415793183776
0.902	-0.00196706127820126
0.9055	-0.00189296743362624
0.909	-0.00181928137259767
0.9125	-0.00174598701801161
0.916	-0.00167306862843723
0.9195	-0.00160051079252689
0.923	-0.00152829819555547
0.9265	-0.00145641648742279
0.93	-0.00138485097460603
0.9335	-0.00131358742685045
0.937	-0.00124261212984073
0.9405	-0.00117191110049297
0.944	-0.00110147117106058
0.9475	-0.00103127924227598
0.951	-0.000961322487024151
0.9545	-0.000891588327759352
0.958	-0.000822064430048988
0.9615	-0.000752738701932194
0.965	-0.00068359927598126
0.9685	-0.000614634538380834
0.972	-0.000545833074029032
0.9755	-0.000477183694665747
0.979	-0.000408675424063267
0.9825	-0.000340297495786583
0.986	-0.00027203934217683
0.9895	-0.000203890596102267
0.993	-0.000135841083028226
0.9965	-0.0000678808177404527
1	0