0.0005	130832.038842035
0.000516250827251552	122734.603998927
0.0005330298332758236	115138.47352807
0.0005503541847568015	108012.598525785
0.0005682416063241046	101327.856401142
0.0005867103986871396	95056.9322475064
0.0006057794573586473	89174.2000324253
0.000625468291986796	83655.627881892
0.0006457970463155974	78478.6630175526
0.000666786518794072	73622.1540092828
0.0006884581838552445	69066.2592899921
0.0007108342138867422	64792.3661954783
0.0007339375019154746	60783.0148559399
0.0007577916850296027	57021.8244893107
0.0007824211685617599	53493.4319685526
0.000807851151058269	50183.4243479609
0.0008341076500598998	47078.2808241496
0.0008612175287205427	44165.3171609375
0.0008892085232910348	41432.6362198935
0.0009181092714962553	38869.0782814863
0.0009479493418345232	36464.195378325
0.0009787592638292738	34208.094726531
0.0010105705592639653	32091.6352383261
0.0010434157744321712	30106.1484591423
0.0010773285134358546	28243.532286984
0.0011123434725658892	26496.1750524941
0.001148496475800009	24856.9437716381
0.0011858245114544934	23319.1462514779
0.0012243657700270996	21876.5033312758
0.001264159683269947	20523.1261659282
0.0013052469645323404	19253.4877511423
0.001347669650414796	18062.4069298752
0.0013914711437768964	16945.0209181938
0.0014366962581429724	15896.7688137289
0.0014833912635510377	14913.3718523788
0.0015316039338918962	13990.8157604029
0.0015813835957868456	13125.3370236919
0.001632781179053986	12313.4008215424
0.0016858492688147696	11551.6950082146
0.001740642159294098	10837.1112349969
0.0017972159093690117	10166.7331802856
0.0018556283999228052	9537.82548941952
0.0019159393930632438	8947.82195084133
0.0019782105932654725	8394.31532796762
0.0020425057105021675	7875.04778376259
0.0021088905254255256	7387.89925811645
0.002177432956667776	6930.88401087261
0.0022482031303290638	6502.13668452329
0.0023212734517238163	6099.90949954549
0.0023967186794589712	5722.56009013831
0.0024746160019198825	5368.55058183096
0.002555045116242136	5036.43706062623
0.0026380883098500807	4724.86353368467
0.002723830544645506	4432.56140840179
0.002812359543932576	4158.33621004385
0.0029037658821679797	3901.07131965775
0.002998143077628105	3659.71729082741
0.003095587688088045	3433.2896626531
0.003196199409610346	3220.86533623495
0.0033000811785445267	3021.57806533616
0.0034073392768417775	2834.61539122091
0.0035180834407925452	2659.21495018891
0.0036324269732982764	2494.66156518072
0.0037504868597921723	2340.28444132236
0.0038723838879275697	2195.45419886324
0.003998242771156378	2059.58037069761
0.004128192276324037	1932.10918412717
0.004262365355411504	1812.52080159538
0.0044008992815590875	1700.32790368636
0.004543935789511278	1595.07310956012
0.004691621220626263	1496.32762036657
0.00484410667259849	1403.68816645615
0.005001548154047467	1316.77790368663
0.005164106744130956	1235.24239968094
0.0053319487573458505	1158.74927522293
0.00550524591368536	1086.98673991381
0.005684175514326585	1019.66232018421
0.005868920623028233	956.50158511419
0.006059670253424039	897.247119380251
0.006256619562403565	841.657398757694
0.006459970049778167	789.505890082195
0.006669929764436459	740.579941526997
0.00688671351720014	694.680239770127
0.007110543100598033	651.619620474319
0.007341647515783102	611.222583454623
0.007580263206824657	573.324453630366
0.007826634302615465	537.770773033704
0.008081012866641216	504.42021137239
0.008343659154867927	473.125925500833
0.008614841882011106	443.771227743795
0.008894838496459098	416.232817990553
0.009183935464131923	390.398401258589
0.009482428561565944	366.16265542945
0.009790623178524326	343.426747593731
0.010108834630442804	322.097965647957
0.01043738848103047	302.089310576624
0.010776620875355601	283.319185594742
0.011126878883757345	265.711024356007
0.011488520856935112	249.192994685936
0.011861916792578921	233.697704905421
0.01224744871391589	219.161930577405
0.012645511060560072	205.526356183857
0.013056511092065577	192.735319026035
0.013480869304595841	180.736610430812
0.01391901986113531	169.481253073308
0.014371411035683774	158.923277828118
0.014838505671887665	149.019573622087
0.01532078165657771	139.72968370118
0.015818732408697293	131.015653952127
0.01633286738412183	122.841883332069
0.01686371259688557	115.17495818625
0.01741181115734919	107.983537347909
0.017977723827858647	101.238202960667
0.018562029596463917	94.9113848184706
0.019165326269284577	88.9771872779942
0.01978823108212813	83.4113291913041
0.020431381331987047	78.1910247934027
0.02109543502906046	73.294898115782
0.021781071569967666	68.7028930322145
0.02248899243284213	64.3961961432419
0.02321992189501729	60.3571482554225
0.023974607774038204	56.5691878897951
0.024753822192757426	53.0167832278887
0.0255583623692977	49.6853588233082
0.026389051432689752	46.5611940945829
0.02724673926501967	43.6315040329163
0.0281323033709475	40.884233942681
0.029046649775486558	38.3080838186317
0.02999071395096208	35.8924647214052
0.03096546177409766	33.6274245871258
0.03197189051420848	31.5036351024643
0.033011029853512334	29.5123457533711
0.034083942940602865	27.645347152289
0.035191727478161836	25.8949351373764
0.03633551684602447	24.2538797913383
0.03751648126074566	22.715399829649
0.038735828972854575	21.2731370692809
0.039994807503021645	19.9211209227059
0.04129470491840296	18.6537526735437
0.042636851150468544	17.4657781866115
0.04402261935566136	16.3522690681406
0.04545342732028072	15.3086025665302
0.04693073891102642	14.3304443494981
0.048456065572688015	13.4137083536602
0.05003096787451125	12.5545943575397
0.0516570571068245	11.749515354678
0.05333599692955765	10.9951109936747
0.05506950507434073	10.2882280914589
0.05685935510192392	9.62590996311889
0.05870737821671594	9.00538088460935
0.060615465140298704	8.42403975707821
0.06258556804583364	7.87944413904384
0.06461970255533982	7.36930440172028
0.06671994980188686	6.89147116425992
0.0688884585588122	6.44392974640315
0.07112744743814216	6.02478884056822
0.07343920716046433	5.63227514239878
0.07582610289857558	5.26472476414316
0.07829057669730194	4.92057709364355
0.0808351499719664	4.59836847141061
0.08346242608806186	4.29672528781877
0.0861750930247669	4.0143596803439
0.08897592612503079	3.75006377608876
0.09186779093504013	3.50270429841173
0.09485364613597425	3.27121767273263
0.09793654657104535	3.05460934918854
0.10111964637092459	2.85194197366949
0.10440620218074848	2.66233924949325
0.10779957649200836	2.48497889721366
0.11130324108273261	2.319089780994
0.11492078056947928	2.16394836348375
0.11865589607477556	2.01887632601117
0.1225124090137541	1.88323752209211
0.12649426500386204	1.75643533513335
0.13060553790164173	1.63791045164324
0.13485043397071295	1.52713820848108
0.13923329618522273	1.42362679610504
0.14375860867316315	1.32691496650155
0.1484310013041053	1.23657037682187
0.1532552544260411	1.15218755117891
0.15823630375618156	1.07338641800603
0.16337924543071325	0.999810671780445
0.16868934121868007	0.93112598378767
0.1741720239053259	0.86701950545431
0.17983290285040313	0.807197571839957
0.18567776972713723	0.75138502528345
0.1917126044477156	0.699323984601761
0.19794358128136544	0.650772741644007
0.20437707517127945	0.605504789110027
0.21101966825685117	0.563307815455557
0.21787815660789508	0.523982931016301
0.224959557177738	0.487343751597569
0.23227111498230024	0.453215657628143
0.23982031051250566	0.421435045221202
0.24761486738761013	0.391848689886821
0.25566276025727436	0.364312996190662
0.2639722229604662	0.33869356263235
0.27255175694954364	0.314864499669681
0.2814101399881316	0.292707897054969
0.29055643513169616	0.272113417402803
0.3	0.25297766098886
0.3035	0.246379570082248
0.307	0.240028816154089
0.3105	0.233913778762034
0.314	0.228023476585657
0.3175	0.222347580310474
0.321	0.216876339471941
0.3245	0.211600479835728
0.328	0.206511296659395
0.3315	0.201600536741261
0.335	0.196860373430288
0.3385	0.192283432018088
0.342	0.187862630396727
0.3455	0.183591453136158
0.349	0.179463590579396
0.3525	0.17547296952586
0.356	0.171613957932941
0.3595	0.167881185060903
0.363	0.164269497041869
0.3665	0.160774022487428
0.37	0.157390148053717
0.3735	0.154113447768037
0.377	0.150939717414106
0.3805	0.147864958498331
0.384	0.144885383523199
0.3875	0.141997341991972
0.391	0.139197368186157
0.3945	0.136482161772681
0.398	0.133848546189805
0.4015	0.131293568577835
0.405	0.128814289166839
0.4085	0.126407975632453
0.412	0.124072000918325
0.4155	0.121803850578066
0.419	0.119601124061067
0.4225	0.117461511934428
0.426	0.115382811762306
0.4295	0.11336290403622
0.433	0.111399795795269
0.4365	0.109491531117758
0.44	0.107636252295471
0.4435	0.105832181897249
0.447	0.104077611797156
0.4505	0.102370903510602
0.454	0.100710483157593
0.4575	0.0990948416644657
0.461	0.097522528677935
0.4645	0.0959921502919154
0.468	0.0945023739541045
0.4715	0.0930519081249735
0.475	0.0916395188285226
0.4785	0.0902640090576612
0.482	0.0889242413559953
0.4855	0.0876191080725574
0.489	0.0863475612319792
0.4925	0.0851085599512044
0.496	0.0839011437467639
0.4995	0.0827243660096036
0.503	0.0815773003039896
0.5065	0.080459077443739
0.51	0.0793688207442476
0.5135	0.0783057840670689
0.517	0.0772691140301606
0.5205	0.0762580739443275
0.524	0.0752719348733635
0.5275	0.074309975080685
0.531	0.0733715240089054
0.5345	0.0724559361907789
0.538	0.0715625511940538
0.5415	0.0706907636003543
0.545	0.0698399811096153
0.5485	0.069009626213997
0.552	0.0681991510526544
0.5555	0.0674080090193919
0.559	0.0666356913474734
0.5625	0.0658816948261031
0.566	0.0651455355713845
0.5695	0.0644267438805173
0.573	0.0637248649748733
0.5765	0.0630394623186217
0.58	0.0623701087326459
0.5835	0.0617163940203132
0.587	0.061077920174547
0.5905	0.0604543037057456
0.594	0.0598451669873562
0.5975	0.0592501502796788
0.601	0.058668898991188
0.6045	0.0581010766283277
0.608	0.0575463544134965
0.6115	0.0570044124131858
0.615	0.0564749400922654
0.6185	0.0559576397206228
0.622	0.0554522169228617
0.6255	0.0549583910892852
0.629	0.0544758887154293
0.6325	0.0540044436783283
0.636	0.0535437963434334
0.6395	0.0530936964667574
0.643	0.0526539023963994
0.6465	0.052224178229939
0.65	0.0518042913155444
0.6535	0.0513940229663864
0.657	0.0509931552823844
0.6605	0.0506014791497776
0.664	0.0502187886607254
0.6675	0.0498448880994221
0.671	0.0494795811691013
0.6745	0.0491226822960161
0.678	0.048774007210698
0.6815	0.0484333832658056
0.685	0.0481006360880949
0.6885	0.0477755900088811
0.692	0.0474581568689995
0.6955	0.0471480516468214
0.699	0.0468451228462452
0.7025	0.0465493364949819
0.706	0.0462604952271218
0.7095	0.0459784446352093
0.713	0.0457030526441522
0.7165	0.0454341798094549
0.72	0.0451716927551809
0.7235	0.0449154749816152
0.727	0.0446654006454517
0.7305	0.0444213438290746
0.734	0.0441831897187437
0.7375	0.0439508210459643
0.741	0.0437241281147852
0.7445	0.0435029999945523
0.748	0.0432873312856251
0.7515	0.0430770193625888
0.755	0.0428719629223497
0.7585	0.0426720661625201
0.762	0.0424772294001183
0.7655	0.0422873560030308
0.769	0.0421023621522805
0.7725	0.0419221572421843
0.776	0.0417466539180457
0.7795	0.0415757666609421
0.783	0.0414094150698168
0.7865	0.0412475182868144
0.79	0.041089997018786
0.7935	0.0409367750178286
0.797	0.0407877784714956
0.8005	0.0406429333687234
0.804	0.0405021686943528
0.8075	0.0403654163533759
0.811	0.0402326051840442
0.8145	0.0401036740046583
0.818	0.0399785559957411
0.8215	0.0398571880392252
0.825	0.0397395107573455
0.8285	0.0396254593133744
0.832	0.0395149781901782
0.8355	0.0394080101565175
0.839	0.0393044973949969
0.8425	0.0392043761844299
0.846	0.0391076137074029
0.8495	0.0390141478126558
0.853	0.038923921926801
0.8565	0.0388369134360452
0.86	0.0387530450211386
0.8635	0.0386722530088079
0.867	0.0385945246936701
0.8705	0.0385198134259121
0.874	0.038448040402141
0.8775	0.0383791983858885
0.881	0.0383132355158602
0.8845	0.0382501095104215
0.888	0.0381897738644403
0.8915	0.0381321927044435
0.895	0.0380773272959216
0.8985	0.038025135164631
0.902	0.0379755874164677
0.9055	0.0379286447065906
0.909	0.0378842725444136
0.9125	0.0378424302037012
0.916	0.0378030875794236
0.9195	0.0377662089445305
0.923	0.0377317634867664
0.9265	0.0376997215128777
0.93	0.0376700491665597
0.9335	0.0376427208338023
0.937	0.0376176960873876
0.9405	0.0375949542891604
0.944	0.0375744643135206
0.9475	0.0375561982850191
0.951	0.0375401283164193
0.9545	0.0375262268794617
0.958	0.0375144818340556
0.9615	0.0375048289129493
0.965	0.0374972801490382
0.9685	0.0374917982408412
0.972	0.0374883595800154
0.9755	0.0374869410256917
0.979	0.0374875177732174
0.9825	0.0374900668121
0.986	0.0374945668767893
0.9895	0.0375009960894605
0.993	0.0375093327053184
0.9965	0.0375195553930173
1	0.037531645385328672846