0.      -1764.04579678824
0.0005      -1764.04579678824
0.000516250827251552      -1685.67074736671
0.0005330298332758236      -1610.68463792529
0.0005503541847568015      -1538.94442325454
0.0005682416063241046      -1470.31359089512
0.0005867103986871396      -1404.65875630171
0.0006057794573586473      -1341.85583927227
0.000625468291986796      -1281.78339115253
0.0006457970463155974      -1224.3256823992
0.000666786518794072      -1169.37148170812
0.0006884581838552445      -1116.81474133391
0.0007108342138867422      -1066.55321475357
0.0007339375019154746      -1018.4894524059
0.0007577916850296027      -972.529399518088
0.0007824211685617599      -928.583599862731
0.000807851151058269      -886.56608654526
0.0008341076500598998      -846.394288935254
0.0008612175287205427      -807.989251449921
0.0008892085232910348      -771.275326480591
0.0009181092714962553      -736.180017854286
0.0009479493418345232      -702.633704671895
0.0009787592638292738      -670.570063357637
0.0010105705592639653      -639.925132645836
0.0010434157744321712      -610.637931689205
0.0010773285134358546      -582.64985244868
0.0011123434725658892      -555.904895004326
0.001148496475800009      -530.349318646221
0.0011858245114544934      -505.931712678041
0.0012243657700270996      -482.602775970625
0.001264159683269947      -460.315385531725
0.0013052469645323404      -439.024276160792
0.001347669650414796      -418.686213155874
0.0013914711437768964      -399.259718611549
0.0014366962581429724      -380.705152479528
0.0014833912635510377      -362.984467743697
0.0015316039338918962      -346.061287503595
0.0015813835957868456      -329.900745320461
0.001632781179053986      -314.469730645676
0.0016858492688147696      -299.735679724009
0.001740642159294098      -285.66859746528
0.0017972159093690117      -272.23902936149
0.0018556283999228052      -259.418952955165
0.0019159393930632438      -247.181546051868
0.0019782105932654725      -235.501141231133
0.0020425057105021675      -224.353163347593
0.0021088905254255256      -213.71409740973
0.002177432956667776      -203.561432527689
0.0022482031303290638      -193.87363359258
0.0023212734517238163      -184.630088092866
0.0023967186794589712      -175.811078971552
0.0024746160019198825      -167.397716157718
0.002555045116242136      -159.371961740117
0.0026380883098500807      -151.716541575261
0.002723830544645506      -144.41491913478
0.002812359543932576      -137.451273539717
0.0029037658821679797      -130.810508079486
0.002998143077628105      -124.478135649811
0.003095587688088045      -118.440327686812
0.003196199409610346      -112.683830642895
0.0033000811785445267      -107.1960036721
0.0034073392768417775      -101.964734447625
0.0035180834407925452      -96.9784412596989
0.0036324269732982764      -92.2260732338082
0.0037504868597921723      -87.6970251099006
0.0038723838879275697      -83.381182623942
0.003998242771156378      -79.2688627072467
0.004128192276324037      -75.3508203942253
0.004262365355411504      -71.6182154491987
0.0044008992815590875      -68.0625937498933
0.004543935789511278      -64.6758666808345
0.004691621220626263      -61.4503188459486
0.00484410667259849      -58.3785574642109
0.005001548154047467      -55.4535470326215
0.005164106744130956      -52.6685309106226
0.0053319487573458505      -50.0170642112229
0.00550524591368536      -47.492976535715
0.005684175514326585      -45.0904557514865
0.005868920623028233      -42.8038101261463
0.006059670253424039      -40.6276959463857
0.006256619562403565      -38.5569864993049
0.006459970049778167      -36.5867829391066
0.006669929764436459      -34.7124054040583
0.00688671351720014      -32.9293861667363
0.007110543100598033      -31.2334603323512
0.007341647515783102      -29.6205519912032
0.007580263206824657      -28.0867620185946
0.007826634302615465      -26.6283893227541
0.008081012866641216      -25.2418771724504
0.008343659154867927      -23.9238404175255
0.008614841882011106      -22.6710470460931
0.008894838496459098      -21.4804114870004
0.009183935464131923      -20.3489919400997
0.009482428561565944      -19.2739597294673
0.009790623178524326      -18.2526542192043
0.010108834630442804      -17.2825051200886
0.01043738848103047      -16.3610691887351
0.010776620875355601      -15.4860179513986
0.011126878883757345      -14.6551266560512
0.011488520856935112      -13.8662733206865
0.011861916792578921      -13.117435418691
0.01224744871391589      -12.4066828624327
0.012645511060560072      -11.7321735183995
0.013056511092065577      -11.0921530770228
0.013480869304595841      -10.4849469758921
0.01391901986113531      -9.90895506685963
0.014371411035683774      -9.36266848830746
0.014838505671887665      -8.84462247133442
0.01532078165657771      -8.35343830641232
0.015818732408697293      -7.8877996809034
0.01633286738412183      -7.44644784645635
0.01686371259688557      -7.02818625363286
0.01741181115734919      -6.63187466110902
0.017977723827858647      -6.25642341886984
0.018562029596463917      -5.90079859925539
0.019165326269284577      -5.56401318421818
0.01978823108212813      -5.24512696100221
0.020431381331987047      -4.94324561364995
0.02109543502906046      -4.6575123281275
0.021781071569967666      -4.38711941110936
0.02248899243284213      -4.1312925146508
0.02321992189501729      -3.88929530972349
0.023974607774038204      -3.66042687302352
0.024753822192757426      -3.44402020496586
0.0255583623692977      -3.23944016826105
0.026389051432689752      -3.04608303196857
0.02724673926501967      -2.86337279790411
0.0281323033709475      -2.69076421506341
0.029046649775486558      -2.52773301051225
0.02999071395096208      -2.37378756800954
0.03096546177409766      -2.22845549038439
0.03197189051420848      -2.09128936545673
0.033011029853512334      -1.96186273092051
0.034083942940602865      -1.83977078921518
0.035191727478161836      -1.72462818216344
0.03633551684602447      -1.61607017188811
0.03751648126074566      -1.51374582071017
0.038735828972854575      -1.41732741729278
0.039994807503021645      -1.32649973708069
0.04129470491840296      -1.24096429452852
0.042636851150468544      -1.16043731550862
0.04402261935566136      -1.08464964946567
0.04545342732028072      -1.01334539323324
0.04693073891102642      -0.946281578272744
0.048456065572688015      -0.883227030782276
0.05003096787451125      -0.823964341765328
0.0516570571068245      -0.7682840248625
0.05333599692955765      -0.715989547155233
0.05506950507434073      -0.666893533618376
0.05685935510192392      -0.620818335106255
0.05870737821671594      -0.577595753325693
0.060615465140298704      -0.537065758660783
0.06258556804583364      -0.499076789786337
0.06461970255533982      -0.463485523324525
0.06671994980188686      -0.430155413146193
0.0688884585588122      -0.398957499493569
0.07112744743814216      -0.369769430006102
0.07343920716046433      -0.342475332114413
0.07582610289857558      -0.31696532674186
0.07829057669730194      -0.293135488885406
0.0808351499719664      -0.270887304284163
0.08346242608806186      -0.25012757683445
0.0861750930247669      -0.230768006273312
0.08897592612503079      -0.212725053566554
0.09186779093504013      -0.195919795958992
0.09485364613597425      -0.180277378489343
0.09793654657104535      -0.165727126354664
0.10111964637092459      -0.152202189622368
0.10440620218074848      -0.139639381437377
0.10779957649200836      -0.127978978705816
0.11130324108273261      -0.117164559038263
0.11492078056947928      -0.107142805486917
0.11865589607477556      -0.0978633940104933
0.1225124090137541      -0.0892788269964606
0.12649426500386204      -0.0813442322006152
0.13060553790164173      -0.0740173058895675
0.13485043397071295      -0.0672581447959583
0.13923329618522273      -0.0610291063566327
0.14375860867316315      -0.0552947211399435
0.1484310013041053      -0.0500215752481718
0.1532552544260411      -0.0451781780338162
0.15823630375618156      -0.0407349073959033
0.16337924543071325      -0.0366638525597441
0.16868934121868007      -0.0329387751126307
0.1741720239053259      -0.0295349950057904
0.17983290285040313      -0.026429320039314
0.18567776972713723      -0.0235999584033197
0.1917126044477156      -0.0210264495751795
0.19794358128136544      -0.018689590013135
0.20437707517127945      -0.0165713719706621
0.21101966825685117      -0.0146549128153945
0.21787815660789508      -0.0129243997624358
0.224959557177738      -0.01136502723082
0.23227111498230024      -0.00996294858793951
0.23982031051250566      -0.00870521920711281
0.24761486738761013      -0.00757974984704913
0.25566276025727436      -0.00657525911852407
0.2639722229604662      -0.00568122973089301
0.27255175694954364      -0.00488786624893912
0.2814101399881316      -0.00418605525680328
0.29055643513169616      -0.00356732767215506
0.3      -0.00302382259306244
0.3035      -0.0028438731258231
0.307      -0.00267444054763757
0.3105      -0.00251488681494961
0.314      -0.00236461549380963
0.3175      -0.00222306927002546
0.321      -0.00208972667292769
0.3245      -0.0019640992507379
0.328      -0.00184573154262404
0.3315      -0.00173419426151816
0.335      -0.00162908680972203
0.3385      -0.00153003345310523
0.342      -0.00143668139350474
0.3455      -0.00134869990121828
0.349      -0.00126577846784849
0.3525      -0.00118762555675302
0.356      -0.00111396747239453
0.3595      -0.00104454620959684
0.363      -0.000979120564805277
0.3665      -0.000917462826255431
0.37      -0.000859358970167681
0.3735      -0.000804607761545036
0.377      -0.000753019690598809
0.3805      -0.000704416352897621
0.384      -0.000658629610715406
0.3875      -0.000615501626756991
0.391      -0.000574882851072793
0.3945      -0.000536632835795376
0.398      -0.00050061911726916
0.4015      -0.000466716736998869
0.405      -0.000434807828353797
0.4085      -0.000404781204740406
0.412      -0.000376531976585578
0.4155      -0.000349961119523511
0.419      -0.000324975152075593
0.4225      -0.00030148581967156
0.426      -0.000279409787830064
0.4295      -0.000258668332808915
0.433      -0.000239187099507128
0.4365      -0.000220895856104887
0.44      -0.000203728193637311
0.4435      -0.000187621365958326
0.447      -0.000172516072727079
0.4505      -0.000158356258705442
0.454      -0.000145088924853557
0.4575      -0.000132663946039338
0.461      -0.000121033931132016
0.4645      -0.000110154072045423
0.468      -0.0000999819802808637
0.4715      -0.000090477555798388
0.475      -0.0000816028742167445
0.4785      -0.0000733220591046119
0.482      -0.000065601166311244
0.4855      -0.0000584080861864982
0.489      -0.0000517124367923792
0.4925      -0.0000454854745553616
0.496      -0.0000397000018128685
0.4995      -0.0000343302865448799
0.503      -0.0000293519818696443
0.5065      -0.0000247420522180802
0.51      -0.0000204787023069864
0.5135      -0.0000165413124433204
0.517      -0.0000129103744090749
0.5205      -9.56743300401623e-6
0.524      -6.49503042232834e-6
0.5275      -3.67665332677232e-6
0.531      -1.09634431272691e-6
0.5345      1.26011772552655e-6
0.538      3.4064222803501e-6
0.5415      5.35653118201623e-6
0.545      7.12276945031924e-6
0.5485      8.71683978739582e-6
0.552      0.0000101498987195741
0.5555      0.0000114324890910142
0.559      0.0000125745720078785
0.5625      0.0000135855577011749
0.566      0.0000144743330395093
0.5695      0.0000152492902516336
0.573      0.0000159183512150325
0.5765      0.0000164889924708516
0.58      0.0000169682695620199
0.5835      0.0000173628361380608
0.587      0.0000176789671005009
0.5905      0.0000179225779038815
0.594      0.0000180992424885816
0.5975      0.0000182142113281381
0.601      0.0000182724287188747
0.6045      0.0000182785479064345
0.608      0.0000182369468877092
0.6115      0.0000181517425373721
0.615      0.0000180268038382323
0.6185      0.0000178657658103994
0.622      0.0000176720408441356
0.6255      0.0000174488300759984
0.629      0.0000171991353653038
0.6325      0.0000169257702621242
0.636      0.0000166313681053085
0.6395      0.0000163183932102665
0.643      0.0000159891489386016
0.6465      0.0000156457858843668
0.65      0.0000152903119196292
0.6535      0.0000149245974994985
0.657      0.0000145503849198619
0.6605      0.0000141692935686578
0.664      0.0000137828278892355
0.6675      0.0000133923841439743
0.671      0.0000129992515191926
0.6745      0.0000126046269586818
0.678      0.0000122096120292199
0.6815      0.000011815221817494
0.685      0.0000114223896198599
0.6885      0.0000110319707760934
0.692      0.0000106447478701696
0.6955      0.0000102614349035265
0.699      9.88267759809635e-6
0.7025      9.509065529939e-6
0.706      9.14112757889529e-6
0.7095      8.77933842024395e-6
0.713      8.42412206373301e-6
0.7165      8.07585479252516e-6
0.72      7.73486709254412e-6
0.7235      7.40145155116977e-6
0.727      7.07584613294836e-6
0.7305      6.75827343241427e-6
0.734      6.4489074436202e-6
0.7375      6.14789109433596e-6
0.741      5.8553384461647e-6
0.7445      5.57133632823302e-6
0.748      5.29594314560683e-6
0.7515      5.02919353514341e-6
0.755      4.77109893196852e-6
0.7585      4.52164878993824e-6
0.762      4.28081489149105e-6
0.7655      4.04854925277525e-6
0.769      3.82478731992734e-6
0.7725      3.60944933210367e-6
0.776      3.40244081044773e-6
0.7795      3.20365550797211e-6
0.783      3.01297361745522e-6
0.7865      2.83026563744112e-6
0.79      2.65539197496361e-6
0.7935      2.48820422061243e-6
0.797      2.32854610743711e-6
0.8005      2.17625425854022e-6
0.804      2.03115908780822e-6
0.8075      1.89308554301077e-6
0.811      1.76185383029892e-6
0.8145      1.63728013853383e-6
0.818      1.51917722483794e-6
0.8215      1.40735507467611e-6
0.825      1.30162145615416e-6
0.8285      1.2017825349756e-6
0.832      1.10764325994004e-6
0.8355      1.0190079114646e-6
0.839      9.35680592716542e-7
0.8425      8.57465619413929e-7
0.846      7.84167915452348e-7
0.8495      7.15593401731412e-7
0.853      6.51549340793453e-7
0.8565      5.9184471944634e-7
0.86      5.36290334957091e-7
0.8635      4.84699522004151e-7
0.867      4.36887983501485e-7
0.8705      3.92674282447909e-7
0.874      3.51879980682757e-7
0.8775      3.14329912307479e-7
0.881      2.79852360894248e-7
0.8845      2.48279234280655e-7
0.888      2.19446274304791e-7
0.8915      1.93193179747061e-7
0.895      1.69363765747655e-7
0.8985      1.47806111559216e-7
0.902      1.2837266340213e-7
0.9055      1.10920359551754e-7
0.909      9.53107197662033e-8
0.9125      8.14099654488041e-8
0.916      6.90890453724092e-8
0.9195      5.82237696766849e-8
0.923      4.8694868484062e-8
0.9265      4.03880030218679e-8
0.93      3.31938496038922e-8
0.9335      2.70081377490705e-8
0.937      2.17317028670644e-8
0.9405      1.72704652921022e-8
0.944      1.35355079479451e-8
0.9475      1.04430693413568e-8
0.951      7.9145474243579e-9
0.9545      5.87653395637841e-9
0.958      4.26078973245288e-9
0.9615      3.0042558516188e-9
0.965      2.04904442006561e-9
0.9685      1.34242856212268e-9
0.972      8.36827186026558e-10
0.9755      4.89787787761813e-10
0.979      2.63965017016634e-10
0.9825      1.27096314024785e-10
0.986      5.19745495951878e-11
0.9895      1.64179992327617e-11
0.993      3.2376251298802e-12
0.9965      2.02006422221294e-13
1      0