0.0005	0.151345385036023
0.000516250827251552	0.149788229777877
0.0005330298332758236	0.148241491410683
0.0005503541847568015	0.146705167554671
0.0005682416063241046	0.14517924952545
0.0005867103986871396	0.143663726649016
0.0006057794573586473	0.142158589760404
0.000625468291986796	0.140663833820036
0.0006457970463155974	0.13917944545099
0.000666786518794072	0.137705405272139
0.0006884581838552445	0.136241749333888
0.0007108342138867422	0.134788393040524
0.0007339375019154746	0.133345401761266
0.0007577916850296027	0.131912718239528
0.0007824211685617599	0.130490349578401
0.000807851151058269	0.12907828376156
0.0008341076500598998	0.127676618078309
0.0008612175287205427	0.126285019183887
0.0008892085232910348	0.124903799292983
0.0009181092714962553	0.12353284402336
0.0009479493418345232	0.122172136564199
0.0009787592638292738	0.12082167424197
0.0010105705592639653	0.119481440153514
0.0010434157744321712	0.118151422138423
0.0010773285134358546	0.116831612167263
0.0011123434725658892	0.115521998217829
0.001148496475800009	0.114222570040007
0.0011858245114544934	0.11293331255119
0.0012243657700270996	0.111654222349427
0.001264159683269947	0.110385276235986
0.0013052469645323404	0.10912646975614
0.001347669650414796	0.107877781684341
0.0013914711437768964	0.106639215536199
0.0014366962581429724	0.105410747899794
0.0014833912635510377	0.104192355423047
0.0015316039338918962	0.102984064812894
0.0015813835957868456	0.101785820584023
0.001632781179053986	0.100597626209378
0.0016858492688147696	0.0994194639404832
0.001740642159294098	0.098251324159941
0.0017972159093690117	0.097093193110271
0.0018556283999228052	0.0959450590699009
0.0019159393930632438	0.0948069001044527
0.0019782105932654725	0.0936787080588713
0.0020425057105021675	0.0925604659378091
0.0021088905254255256	0.0914521604872256
0.002177432956667776	0.0903537800070113
0.0022482031303290638	0.0892652974090688
0.0023212734517238163	0.0881867117293774
0.0023967186794589712	0.0871180016937462
0.0024746160019198825	0.086059150715026
0.002555045116242136	0.0850101438109192
0.0026380883098500807	0.0839709633795378
0.002723830544645506	0.0829415971599486
0.002812359543932576	0.0819220270951691
0.0029037658821679797	0.0809122260069119
0.002998143077628105	0.0799121925924147
0.003095587688088045	0.0789219061454801
0.003196199409610346	0.0779413462986381
0.0033000811785445267	0.0769705015021507
0.0034073392768417775	0.0760093349675878
0.0035180834407925452	0.0750578495664921
0.0036324269732982764	0.0741160148969403
0.0037504868597921723	0.0731838211905859
0.0038723838879275697	0.07226124422123
0.003998242771156378	0.0713482650881483
0.004128192276324037	0.0704448731603839
0.004262365355411504	0.0695510303283317
0.0044008992815590875	0.0686667314174795
0.004543935789511278	0.0677919663865271
0.004691621220626263	0.0669266768125124
0.00484410667259849	0.0660708813715455
0.005001548154047467	0.0652245422556078
0.005164106744130956	0.0643876389400936
0.0053319487573458505	0.0635601524097999
0.00550524591368536	0.0627420633455815
0.005684175514326585	0.0619333458701081
0.005868920623028233	0.0611339776611263
0.006059670253424039	0.060343939417071
0.006256619562403565	0.0595632044440546
0.006459970049778167	0.058791750406709
0.006669929764436459	0.0580295560530577
0.00688671351720014	0.0572765962260622
0.007110543100598033	0.0565328463547772
0.007341647515783102	0.055798283245751
0.007580263206824657	0.0550728834776518
0.007826634302615465	0.054356618681348
0.008081012866641216	0.0536494654312861
0.008343659154867927	0.0529513979167343
0.008614841882011106	0.0522623895466971
0.008894838496459098	0.0515824137729987
0.009183935464131923	0.0509114430811025
0.009482428561565944	0.0502494576617935
0.009790623178524326	0.049596422688906
0.010108834630442804	0.0489523117974542
0.01043738848103047	0.0483170937392147
0.010776620875355601	0.0476907440035351
0.011126878883757345	0.0470732362212107
0.011488520856935112	0.0464645345038768
0.011861916792578921	0.0458645979917985
0.01224744871391589	0.0452734390718146
0.012645511060560072	0.0446909830836805
0.013056511092065577	0.0441172169465457
0.013480869304595841	0.0435521091285241
0.01391901986113531	0.0429956207160927
0.014371411035683774	0.0424477275594285
0.014838505671887665	0.0419083969049657
0.01532078165657771	0.0413775890286011
0.015818732408697293	0.0408552753018729
0.01633286738412183	0.0403414342200445
0.01686371259688557	0.0398359743003921
0.01741181115734919	0.0393389448644423
0.017977723827858647	0.0388502618611834
0.018562029596463917	0.0383698867302233
0.019165326269284577	0.0378977965625772
0.01978823108212813	0.0374339520327355
0.020431381331987047	0.0369783125392233
0.02109543502906046	0.0365308428254914
0.021781071569967666	0.0360915030419567
0.02248899243284213	0.0356602503821641
0.02321992189501729	0.0352370590450132
0.023974607774038204	0.0348218755122662
0.024753822192757426	0.0344146587425838
0.0255583623692977	0.0340153636788387
0.026389051432689752	0.033623972969538
0.02724673926501967	0.0332404203865682
0.0281323033709475	0.0328646967764827
0.029046649775486558	0.0324966785291969
0.02999071395096208	0.0321363989493454
0.03096546177409766	0.0317837915642474
0.03197189051420848	0.0314388085755403
0.033011029853512334	0.0311014020025825
0.034083942940602865	0.030771525483856
0.035191727478161836	0.0304491396274023
0.03633551684602447	0.0301341862183473
0.03751648126074566	0.0298266212316306
0.038735828972854575	0.0295263975064965
0.039994807503021645	0.0292334583125503
0.04129470491840296	0.028947747719598
0.042636851150468544	0.0286692510703309
0.04402261935566136	0.0283978809324896
0.04545342732028072	0.0281335932536102
0.04693073891102642	0.0278763394129421
0.048456065572688015	0.0276260600206469
0.05003096787451125	0.0273827068303051
0.0516570571068245	0.0271462228253759
0.05333599692955765	0.0269165540705911
0.05506950507434073	0.0266936452790083
0.05685935510192392	0.0264774399665211
0.05870737821671594	0.0262678786810315
0.060615465140298704	0.0260649383010245
0.06258556804583364	0.0258684657232404
0.06461970255533982	0.0256784858421769
0.06671994980188686	0.0254949404495897
0.0688884585588122	0.0253177448404536
0.07112744743814216	0.0251468417749796
0.07343920716046433	0.0249821736623857
0.07582610289857558	0.0248236850370258
0.07829057669730194	0.0246713102564957
0.0808351499719664	0.024524997987697
0.08346242608806186	0.0243846764572449
0.0861750930247669	0.0242502917345468
0.08897592612503079	0.0241217850414759
0.09186779093504013	0.0239990988879501
0.09485364613597425	0.0238821534010543
0.09793654657104535	0.0237709129308931
0.10111964637092459	0.0236653105092231
0.10440620218074848	0.0235652909442933
0.10779957649200836	0.023470793721976
0.11130324108273261	0.0233817636349502
0.11492078056947928	0.0232981424181433
0.11865589607477556	0.0232198812510199
0.1225124090137541	0.0231469284473272
0.12649426500386204	0.0230792283926852
0.13060553790164173	0.0230167344227966
0.13485043397071295	0.022959407170201
0.13923329618522273	0.0229071883704058
0.14375860867316315	0.0228600453189133
0.1484310013041053	0.0228179460946876
0.1532552544260411	0.0227808495427073
0.15823630375618156	0.0227487255040224
0.16337924543071325	0.0227215497153579
0.16868934121868007	0.0226993017784446
0.1741720239053259	0.02268196571839
0.17983290285040313	0.0226695302186891
0.18567776972713723	0.0226619913979235
0.1917126044477156	0.0226593604766631
0.19794358128136544	0.0226616442077296
0.20437707517127945	0.0226688616897978
0.21101966825685117	0.0226810410087098
0.21787815660789508	0.0226982272307202
0.224959557177738	0.0227204689645404
0.23227111498230024	0.0227478016069743
0.23982031051250566	0.0227803828282017
0.24761486738761013	0.0228182289355855
0.25566276025727436	0.022861466288623
0.2639722229604662	0.0229102187423143
0.27255175694954364	0.0229646359816382
0.2814101399881316	0.0230248732967549
0.29055643513169616	0.0230911186192747
0.3	0.0231635799253567
0.3035	0.0231914387006138
0.307	0.0232198228998254
0.3105	0.0232487240029744
0.314	0.0232781310674841
0.3175	0.0233080413712341
0.321	0.0233384392946259
0.3245	0.0233693210592506
0.328	0.0234006761682793
0.3315	0.023432505170448
0.335	0.0234647981980474
0.3385	0.0234975504317705
0.342	0.023530756556783
0.3455	0.0235644107641149
0.349	0.0235985090216893
0.3525	0.0236330469723559
0.356	0.0236680206902808
0.3595	0.0237034264164466
0.363	0.0237392608886655
0.3665	0.0237755206602056
0.37	0.0238122032042923
0.3735	0.0238493051739737
0.377	0.0238868242620762
0.3805	0.0239247584297215
0.384	0.0239631054704653
0.3875	0.0240018632287801
0.391	0.0240410297136785
0.3945	0.0240806040897366
0.398	0.0241205844528966
0.4015	0.0241609694789387
0.405	0.0242017577869607
0.4085	0.0242429487173419
0.412	0.024284541368286
0.4155	0.0243265346234242
0.419	0.0243689279072439
0.4225	0.0244117205856038
0.426	0.0244549119828727
0.4295	0.0244985021335929
0.433	0.0245424890509227
0.4365	0.0245868754211952
0.44	0.0246316596387323
0.4435	0.02467684171268
0.447	0.0247224214982833
0.4505	0.0247683982990429
0.454	0.0248147738628806
0.4575	0.0248615476830758
0.461	0.0249087200416737
0.4645	0.0249562917958179
0.468	0.0250042618551589
0.4715	0.0250526315328609
0.475	0.0251014014324028
0.4785	0.0251505718645331
0.482	0.0252001434060872
0.4855	0.0252501169568757
0.489	0.0253004925211729
0.4925	0.025351271074686
0.496	0.0254024533829668
0.4995	0.0254540419772733
0.503	0.025506036279082
0.5065	0.0255584342609002
0.51	0.0256112390489277
0.5135	0.0256644492053041
0.517	0.0257180702423496
0.5205	0.0257721007641375
0.524	0.0258265416346947
0.5275	0.0258813938430088
0.531	0.0259366582890201
0.5345	0.0259923360405747
0.538	0.0260484282759119
0.5415	0.0261049360400288
0.545	0.026161859615743
0.5485	0.0262192013734372
0.552	0.0262769606019014
0.5555	0.0263351393486211
0.559	0.0263937385246373
0.5625	0.0264527594516505
0.566	0.0265122030565817
0.5695	0.026572070572058
0.573	0.026632362860548
0.5765	0.0266930814431578
0.58	0.0267542271837276
0.5835	0.0268158012782575
0.587	0.0268778048458802
0.5905	0.0269402391717146
0.594	0.0270031052372297
0.5975	0.0270661519162502
0.601	0.0271301375675906
0.6045	0.027194306193788
0.608	0.0272589112876364
0.6115	0.0273239540885124
0.615	0.027389435679349
0.6185	0.0274553566858
0.622	0.0275217196354486
0.6255	0.0275885250018576
0.629	0.0276557737579974
0.6325	0.0277234676264004
0.636	0.0277916074555509
0.6395	0.0278601944895124
0.643	0.0279292300517653
0.6465	0.0279987150703671
0.65	0.0280686508375408
0.6535	0.0281390385956274
0.657	0.0282098794526296
0.6605	0.0282811747664735
0.664	0.0283529255714966
0.6675	0.0284251331033236
0.671	0.0284977985582213
0.6745	0.0285709230985035
0.678	0.0286445079306826
0.6815	0.0287185542469821
0.685	0.0287930628612618
0.6885	0.0288680356419369
0.692	0.0289434734263594
0.6955	0.0290193774144934
0.699	0.0290957487350354
0.7025	0.0291725885785062
0.706	0.0292498980862371
0.7095	0.0293276784553048
0.713	0.0294059309336166
0.7165	0.0294846583394786
0.72	0.0295643744883317
0.7235	0.0296435331890739
0.727	0.0297236850956595
0.7305	0.029804315080656
0.734	0.0298854021240479
0.7375	0.0299670122791353
0.741	0.0300490820536301
0.7445	0.0301316341034972
0.748	0.0302152971727979
0.7515	0.0302981896368264
0.755	0.0303821944434227
0.7585	0.0304666868817495
0.762	0.0305516671829225
0.7655	0.030637136476723
0.769	0.0307230958196286
0.7725	0.0308095463749865
0.776	0.030896489205585
0.7795	0.0309839296894391
0.783	0.0310718603615684
0.7865	0.0311602822156094
0.79	0.0312492050173367
0.7935	0.0313386255096697
0.797	0.0314285448119749
0.8005	0.031518963885007
0.804	0.0316098838414163
0.8075	0.0317013057398521
0.811	0.0317932306319875
0.8145	0.0318856581325186
0.818	0.0319785921423447
0.8215	0.032072032292847
0.825	0.0321659789999794
0.8285	0.0322604365617142
0.832	0.0323554012851769
0.8355	0.0324508762718852
0.839	0.0325468623440255
0.8425	0.0326433624443194
0.846	0.0327403742339709
0.8495	0.0328378987267192
0.853	0.0329359401594663
0.8565	0.0330344978100013
0.86	0.0331335727948752
0.8635	0.0332331660665517
0.867	0.0333332786013079
0.8705	0.0334339123368162
0.874	0.0335350648020956
0.8775	0.033636740947622
0.881	0.0337389418409399
0.8845	0.0338416653061879
0.888	0.0339449138665032
0.8915	0.0340486884288619
0.895	0.0341529900172666
0.8985	0.0342578195438116
0.902	0.0343631779765915
0.9055	0.0344690652890298
0.909	0.0345754843088016
0.9125	0.0346824350151037
0.916	0.034789918189666
0.9195	0.0348978671752391
0.923	0.035006486374508
0.9265	0.0351155730811875
0.93	0.0352251960726216
0.9335	0.0353353562539786
0.937	0.035446054549734
0.9405	0.0355572919080397
0.944	0.0356690690737362
0.9475	0.0357813870370505
0.951	0.0358942466761927
0.9545	0.0360076485946566
0.958	0.0361215943168607
0.9615	0.036236084254822
0.965	0.0363511193835309
0.9685	0.0364667005833985
0.972	0.0365828285440682
0.9755	0.0366995044395997
0.979	0.0368167289504886
0.9825	0.0369345028898172
0.986	0.0370528276595706
0.9895	0.0371717167347527
0.993	0.0372911443130377
0.9965	0.0374111247448735
1	0.037531645385328672846