0.      565479.003257564
0.0005      565479.003257564
0.000516250827251552      530721.87437027
0.0005330298332758236      498106.18233401
0.0005503541847568015      467499.738422549
0.0005682416063241046      438778.531792489
0.0005867103986871396      411826.243963675
0.0006057794573586473      386533.663542225
0.000625468291986796      362798.450683115
0.0006457970463155974      340524.498060177
0.000666786518794072      319621.661943254
0.0006884581838552445      300005.380935818
0.0007108342138867422      281596.27416969
0.0007339375019154746      264319.917849082
0.0007577916850296027      248106.460694244
0.0007824211685617599      232890.36017633
0.000807851151058269      218610.128821517
0.0008341076500598998      205208.07101743
0.0008612175287205427      192630.073807087
0.0008892085232910348      180825.327874695
0.0009181092714962553      169746.209229752
0.0009479493418345232      159347.975145803
0.0009787592638292738      149588.699603252
0.0010105705592639653      140429.013766194
0.0010434157744321712      131831.985680295
0.0010773285134358546      123762.970999569
0.0011123434725658892      116189.439858149
0.001148496475800009      109080.897639716
0.0011858245114544934      102408.711355515
0.0012243657700270996      96146.0341225141
0.001264159683269947      90267.6510021998
0.0013052469645323404      84749.913433645
0.001347669650414796      79570.6350079429
0.0013914711437768964      74708.9834907494
0.0014366962581429724      70145.4505218138
0.0014833912635510377      65861.6717263943
0.0015316039338918962      61840.4553060222
0.0015813835957868456      58065.6600560131
0.001632781179053986      54522.134889535
0.0016858492688147696      51195.6671897838
0.001740642159294098      48072.9180341664
0.0017972159093690117      45141.3707621994
0.0018556283999228052      42389.2775928994
0.0019159393930632438      39805.6179968172
0.0019782105932654725      37380.0463072198
0.0020425057105021675      35102.859873977
0.0021088905254255256      32964.948921746
0.002177432956667776      30957.7618626566
0.0022482031303290638      29073.2805680452
0.0023212734517238163      27303.9706874053
0.0023967186794589712      25642.7729703132
0.0024746160019198825      24083.0550191852
0.002555045116242136      22618.5945027045
0.0026380883098500807      21243.5515299161
0.002723830544645506      19952.4446749808
0.002812359543932576      18740.131534107
0.0029037658821679797      17601.7836541641
0.002998143077628105      16532.8710979992
0.003095587688088045      15529.1409087174
0.003196199409610346      14586.6023747927
0.0033000811785445267      13701.5103509607
0.0034073392768417775      12870.3476542455
0.0035180834407925452      12089.8160788715
0.0036324269732982764      11356.8158351446
0.0037504868597921723      10668.4450722632
0.0038723838879275697      10021.970828846
0.003998242771156378      9414.83274657148
0.004128192276324037      8844.62729628795
0.004262365355411504      8309.09772498642
0.0044008992815590875      7806.12737820986
0.004543935789511278      7333.72623940952
0.004691621220626263      6890.02880698154
0.00484410667259849      6473.28297260019
0.005001548154047467      6081.84426508876
0.005164106744130956      5714.1688760237
0.0053319487573458505      5368.80759747055
0.00550524591368536      5044.40006423905
0.005684175514326585      4739.68138352657
0.005868920623028233      4453.41542321234
0.006059670253424039      4184.51376046696
0.006256619562403565      3931.90808434171
0.006459970049778167      3694.60452212028
0.006669929764436459      3471.67235866512
0.00688671351720014      3262.2380006413
0.007110543100598033      3065.47980567917
0.007341647515783102      2880.62713056462
0.007580263206824657      2706.9560239434
0.007826634302615465      2543.78698010636
0.008081012866641216      2390.48202821172
0.008343659154867927      2246.4420622576
0.008614841882011106      2111.10450389893
0.008894838496459098      1983.94122448839
0.009183935464131923      1864.45671109697
0.009482428561565944      1752.183723276
0.009790623178524326      1646.6863944376
0.010108834630442804      1547.55351395233
0.01043738848103047      1454.40650548786
0.010776620875355601      1366.86198859039
0.011126878883757345      1284.60099428332
0.011488520856935112      1207.29743972542
0.011861916792578921      1134.65021598479
0.01224744871391589      1066.3785906076
0.012645511060560072      1002.21783563785
0.013056511092065577      941.919187624011
0.013480869304595841      885.249503145457
0.01391901986113531      831.989061184763
0.014371411035683774      781.93240976323
0.014838505671887665      734.886230400638
0.01532078165657771      690.668059385366
0.015818732408697293      649.108037998641
0.01633286738412183      610.045603028835
0.01686371259688557      573.330165067616
0.01741181115734919      538.82026357813
0.017977723827858647      506.383017694562
0.018562029596463917      475.893590325046
0.019165326269284577      447.234701761376
0.01978823108212813      420.296241628364
0.020431381331987047      394.974484581315
0.02109543502906046      371.172409516592
0.021781071569967666      348.798538443895
0.02248899243284213      327.767072666351
0.02321992189501729      307.997237814552
0.023974607774038204      289.413345944395
0.024753822192757426      271.94414935562
0.0255583623692977      255.522722117845
0.026389051432689752      240.086184454101
0.02724673926501967      225.575439405557
0.0281323033709475      211.934960408005
0.029046649775486558      199.112573414379
0.02999071395096208      187.059244415449
0.03096546177409766      175.728854815487
0.03197189051420848      165.078161826989
0.033011029853512334      155.066339749311
0.034083942940602865      145.65516155382
0.035191727478161836      136.808734979648
0.03633551684602447      128.493224011097
0.03751648126074566      120.676855413862
0.038735828972854575      113.329772476416
0.039994807503021645      106.423892922353
0.04129470491840296      99.932851697185
0.042636851150468544      93.8318400288111
0.04402261935566136      88.0975407590535
0.04545342732028072      82.7080209479453
0.04693073891102642      77.6427031231755
0.048456065572688015      72.8821932163701
0.05003096787451125      68.4082883237695
0.0516570571068245      64.2038625612954
0.05333599692955765      60.2528178035612
0.05506950507434073      56.5400247341267
0.05685935510192392      53.0512528448307
0.05870737821671594      49.7731162348823
0.060615465140298704      46.6930361087844
0.06258556804583364      43.7991838574976
0.06461970255533982      41.080435544505
0.06671994980188686      38.5263310888131
0.0688884585588122      36.1270349904499
0.07112744743814216      33.8732990829735
0.07343920716046433      31.7564213554678
0.07582610289857558      29.7682269937463
0.07829057669730194      27.9010219952427
0.0808351499719664      26.1475722492657
0.08346242608806186      24.5010754934943
0.0861750930247669      22.9551330569644
0.08897592612503079      21.5037248319417
0.09186779093504013      20.1411942349054
0.09485364613597425      18.8622194284848
0.09793654657104535      17.6617917561496
0.10111964637092459      16.535207015186
0.10440620218074848      15.4780252919631
0.10779957649200836      14.4860930624032
0.11130324108273261      13.5554885802538
0.11492078056947928      12.6825257120714
0.11865589607477556      11.8637400126495
0.1225124090137541      11.09587066316
0.12649426500386204      10.3758517701326
0.13060553790164173      9.70079901796457
0.13485043397071295      9.06799400401509
0.13923329618522273      8.47489178905639
0.14375860867316315      7.91908921046817
0.1484310013041053      7.39832840532909
0.1532552544260411      6.91048528996301
0.15823630375618156      6.45356009703725
0.16337924543071325      6.02568259502012
0.16868934121868007      5.62507599409205
0.1741720239053259      5.25008160531311
0.17983290285040313      4.89913546681642
0.18567776972713723      4.57076698230975
0.1917126044477156      4.26359347992168
0.19794358128136544      3.97631376176294
0.20437707517127945      3.70770459841062
0.21101966825685117      3.45661543011809
0.21787815660789508      3.22196409654863
0.224959557177738      3.00273309110622
0.23227111498230024      2.79796582905792
0.23982031051250566      2.60676224707208
0.24761486738761013      2.42827638363406
0.25566276025727436      2.26171296732667
0.2639722229604662      2.10632447366021
0.27255175694954364      1.96140673533066
0.2814101399881316      1.82630007010635
0.29055643513169616      1.70038266530563
0.3      1.5830716764364
0.3035      1.54254762722344
0.307      1.50350486559341
0.3105      1.46587512272624
0.314      1.42959375659732
0.3175      1.39459995492202
0.321      1.36083608942409
0.3245      1.32824771526754
0.328      1.29678329175971
0.3315      1.26639402087628
0.335      1.23703368695027
0.3385      1.20865847190914
0.342      1.18122682507536
0.3455      1.15469930360071
0.349      1.12903847684376
0.3525      1.10420876509107
0.356      1.08017650055936
0.3595      1.05690943165071
0.363      1.03437703985202
0.3665      1.01255026190847
0.37      0.991401410917786
0.3735      0.970904107085929
0.377      0.951033232944615
0.3805      0.931764853817989
0.384      0.913076088856381
0.3875      0.894945163564408
0.391      0.877351269856507
0.3945      0.860274547674788
0.398      0.843696022842202
0.4015      0.827597665761851
0.405      0.811961821822444
0.4085      0.796772234803208
0.412      0.782012951293874
0.4155      0.767668784809225
0.419      0.75372519272536
0.4225      0.740168290454508
0.426      0.726984737202858
0.4295      0.714161762669003
0.433      0.701687114933225
0.4365      0.689549060265047
0.44      0.677736334619985
0.4435      0.66623817126209
0.447      0.655044083326771
0.4505      0.64414421516738
0.454      0.633529000882843
0.4575      0.623189206038679
0.461      0.613116068766421
0.4645      0.603301038250173
0.468      0.59373597214176
0.4715      0.584413030553398
0.475      0.575324664669818
0.4785      0.566463609468226
0.482      0.557822872224941
0.4855      0.549395736798658
0.489      0.541175704290772
0.4925      0.533156534468963
0.496      0.52533221922029
0.4995      0.517697030170748
0.503      0.510245231771586
0.5065      0.502971515006031
0.51      0.495870686043541
0.5135      0.488937668829387
0.517      0.482167734840542
0.5205      0.475556188303934
0.524      0.469098506396896
0.5275      0.462790344169832
0.531      0.45662749546867
0.5345      0.450605924039652
0.538      0.444721694393617
0.5415      0.43897104319751
0.545      0.433350259385669
0.5485      0.427855845728335
0.552      0.422484391020892
0.5555      0.417232599722981
0.559      0.412097229775751
0.5625      0.407075209422174
0.566      0.402163544806578
0.5695      0.39735933754251
0.573      0.392659785079128
0.5765      0.388062174924094
0.58      0.383563874950795
0.5835      0.379162338550785
0.587      0.374855104156957
0.5905      0.370639781120703
0.594      0.366514057244153
0.5975      0.362475695932013
0.601      0.358522507313092
0.6045      0.354652397931852
0.608      0.350863321112003
0.6115      0.347153302368646
0.615      0.343520403453942
0.6185      0.339962765921195
0.622      0.336478593199995
0.6255      0.333066127104483
0.629      0.32972365845848
0.6325      0.326449537508123
0.636      0.323242313154358
0.6395      0.32009997352077
0.643      0.317021469879099
0.6465      0.314005145093868
0.65      0.311049611609132
0.6535      0.308153471962721
0.657      0.305315387190271
0.6605      0.302534043727503
0.664      0.299808156933178
0.6675      0.297136512434587
0.671      0.294517886804204
0.6745      0.291951134159282
0.678      0.289435107123123
0.6815      0.286968704573322
0.685      0.284550858093738
0.6885      0.282180513086347
0.692      0.279856658667377
0.6955      0.277578288330476
0.699      0.275344482673617
0.7025      0.273154274573819
0.706      0.271006765465125
0.7095      0.268901062450317
0.713      0.266836304227237
0.7165      0.264811649178528
0.72      0.262826284285305
0.7235      0.260879407649386
0.727      0.258970243979795
0.7305      0.25709803919014
0.734      0.255262071049623
0.7375      0.253461594856706
0.741      0.251695925579688
0.7445      0.249964381996968
0.748      0.248266300392095
0.7515      0.24660103590279
0.755      0.244967956614555
0.7585      0.243366449002169
0.762      0.241795914846365
0.7655      0.240255770607506
0.769      0.23874544436823
0.7725      0.237264302214778
0.776      0.235812043272252
0.7795      0.234387904588609
0.783      0.232991438910254
0.7865      0.231622151675693
0.79      0.23027955107296
0.7935      0.228963159024395
0.797      0.227672508614365
0.8005      0.226407143991866
0.804      0.225166620054267
0.8075      0.2239505101144
0.811      0.2227583733304
0.8145      0.221589814610287
0.818      0.220444415094231
0.8215      0.219321793665604
0.825      0.218221562228988
0.8285      0.217143341644975
0.832      0.216086765079382
0.8355      0.215051474910113
0.839      0.214037120412945
0.8425      0.213043360583231
0.846      0.212069860924484
0.8495      0.21111629448381
0.853      0.21018234230726
0.8565      0.209267693238063
0.86      0.208372044616685
0.8635      0.207495096528574
0.867      0.206636622997609
0.8705      0.205796140571507
0.874      0.204973572779544
0.8775      0.204168577953201
0.881      0.203380899374531
0.8845      0.202610268314363
0.888      0.201856436257568
0.8915      0.201119149763529
0.895      0.200398168247501
0.8985      0.199693255132726
0.902      0.199004177318082
0.9055      0.198330715058516
0.909      0.19767262333763
0.9125      0.197029710016299
0.916      0.196401754104956
0.9195      0.195788544405066
0.923      0.195189878865259
0.9265      0.19460556680109
0.93      0.194035393894722
0.9335      0.193479186910526
0.937      0.192978527336954
0.9405      0.192407910278239
0.944      0.191892479154989
0.9475      0.191390284043222
0.951      0.190901156489292
0.9545      0.190424923457476
0.958      0.189961427991744
0.9615      0.189510506948851
0.965      0.189072007767551
0.9685      0.188645755986849
0.972      0.18823161480741
0.9755      0.187829451953185
0.979      0.187439098639944
0.9825      0.18706042581303
0.986      0.18669328991749
0.9895      0.186337555805014
0.993      0.185993090284895
0.9965      0.185659576123099
1      0.1853374529193867831