0.0005	1.03167862293674e6
0.000516250827251552	967626.882318693
0.0005330298332758236	907549.115776153
0.0005503541847568015	851199.737676769
0.0005682416063241046	798346.534028159
0.0005867103986871396	748773.002104718
0.0006057794573586473	702275.668906096
0.000625468291986796	658663.788227687
0.0006457970463155974	617758.38010524
0.000666786518794072	579391.551031161
0.0006884581838552445	543405.941561745
0.0007108342138867422	509653.528206703
0.0007339375019154746	477996.092057268
0.0007577916850296027	448303.573696535
0.0007824211685617599	420454.079907431
0.000807851151058269	394333.268518547
0.0008341076500598998	369833.907958316
0.0008612175287205427	346855.389299467
0.0008892085232910348	325303.322345393
0.0009181092714962553	305089.334276913
0.0009479493418345232	286130.272453469
0.0009787592638292738	268348.315571996
0.0010105705592639653	251670.430311698
0.0010434157744321712	236028.105249345
0.0010773285134358546	221357.084474745
0.0011123434725658892	207597.097565122
0.001148496475800009	194691.593807909
0.0011858245114544934	182587.566831688
0.0012243657700270996	171235.274601316
0.001264159683269947	160588.052172097
0.0013052469645323404	150602.145721772
0.001347669650414796	141236.560957149
0.0013914711437768964	132452.646260971
0.0014366962581429724	124214.446013393
0.0014833912635510377	116488.039159228
0.0015316039338918962	109241.652119597
0.0015813835957868456	102445.490539788
0.001632781179053986	96071.6044804992
0.0016858492688147696	90093.7779001354
0.001740642159294098	84487.4217998439
0.0017972159093690117	79229.4696604603
0.0018556283999228052	74298.3007027784
0.0019159393930632438	69673.613114513
0.0019782105932654725	65336.3801526355
0.0020425057105021675	61268.7516264099
0.0021088905254255256	57453.9851278492
0.002177432956667776	53876.3778131657
0.0022482031303290638	50521.2004576248
0.0023212734517238163	47374.6381831125
0.0023967186794589712	44423.7269454344
0.0024746160019198825	41656.3312893462
0.002555045116242136	39061.0505740143
0.0026380883098500807	36627.1601800474
0.002723830544645506	34344.6735982793
0.002812359543932576	32204.1720804399
0.0029037658821679797	30196.8235829191
0.002998143077628105	28314.3559252151
0.003095587688088045	26549.0214618431
0.003196199409610346	24893.5355536804
0.0033000811785445267	23341.0714757882
0.0034073392768417775	21885.2272193726
0.0035180834407925452	20519.9970909153
0.0036324269732982764	19239.7493986947
0.0037504868597921723	18039.199891466
0.0038723838879275697	16913.397755728
0.003998242771156378	15857.6927736021
0.004128192276324037	14867.7287273682
0.004262365355411504	13939.4177558317
0.0044008992815590875	13068.9261497521
0.004543935789511278	12252.6583097535
0.004691621220626263	11487.2417015145
0.00484410667259849	10769.5149982754
0.005001548154047467	10096.5104925688
0.005164106744130956	9465.44718144499
0.0053319487573458505	8873.71548290482
0.00550524591368536	8318.86909582617
0.005684175514326585	7798.6124858327
0.005868920623028233	7310.79347403142
0.006059670253424039	6853.39379710272
0.006256619562403565	6424.52017355822
0.006459970049778167	6022.39718372179
0.006669929764436459	5645.3594043361
0.00688671351720014	5291.84570197656
0.007110543100598033	4960.39121751299
0.007341647515783102	4649.62294237827
0.007580263206824657	4358.25184667501
0.007826634302615465	4085.07110347942
0.008081012866641216	3828.94704351875
0.008343659154867927	3588.81750341042
0.008614841882011106	3363.68619588701
0.008894838496459098	3152.6185821045
0.009183935464131923	2954.7382671771
0.009482428561565944	2769.22363534094
0.009790623178524326	2595.3040145977
0.010108834630442804	2432.25661263342
0.01043738848103047	2279.40384663339
0.010776620875355601	2136.11003015057
0.011126878883757345	2001.7791131554
0.011488520856935112	1875.85222908141
0.011861916792578921	1757.80516067241
0.01224744871391589	1647.14645971244
0.012645511060560072	1543.41524235218
0.013056511092065577	1446.17917126852
0.013480869304595841	1355.03296074262
0.01391901986113531	1269.59661246626
0.014371411035683774	1189.51355894508
0.014838505671887665	1114.44972471783
0.01532078165657771	1044.09170805459
0.015818732408697293	978.145596571374
0.01633286738412183	916.335802083604
0.01686371259688557	858.403943034007
0.01741181115734919	804.107735407543
0.017977723827858647	753.21997702726
0.018562029596463917	705.527637783447
0.019165326269284577	660.830965186625
0.01978823108212813	618.942644405541
0.020431381331987047	579.687061064314
0.02109543502906046	542.899557922537
0.021781071569967666	508.425698344658
0.02248899243284213	476.120730861454
0.02321992189501729	445.848908803929
0.023974607774038204	417.482964498556
0.024753822192757426	390.903558553505
0.0255583623692977	365.998817269444
0.026389051432689752	342.663834025975
0.02724673926501967	320.800257165195
0.0281323033709475	300.315869698707
0.029046649775486558	281.124235543393
0.02999071395096208	263.144288148299
0.03096546177409766	246.300039040357
0.03197189051420848	230.520237601724
0.033011029853512334	215.738104356335
0.034083942940602865	201.891014008322
0.035191727478161836	188.920268424447
0.03633551684602447	176.770827560065
0.03751648126074566	165.391097910134
0.038735828972854575	154.732714413352
0.039994807503021645	144.750331246683
0.04129470491840296	135.401463739729
0.042636851150468544	126.646234067564
0.04402261935566136	118.447329136627
0.04545342732028072	110.769708684719
0.04693073891102642	103.580560733834
0.048456065572688015	96.8491206098056
0.05003096787451125	90.5465489663124
0.0516570571068245	84.6458220886207
0.05333599692955765	79.1215912560619
0.05506950507434073	73.9501121346291
0.05685935510192392	69.1091259100578
0.05870737821671594	64.5777693388606
0.060615465140298704	60.3364861315996
0.06258556804583364	56.3669463001124
0.06461970255533982	52.651969199952
0.06671994980188686	49.1754693984793
0.0688884585588122	45.9223444065505
0.07112744743814216	42.878381280016
0.07343920716046433	40.0304844679901
0.07582610289857558	37.3662208586799
0.07829057669730194	34.8738116084906
0.0808351499719664	32.5424230962189
0.08346242608806186	30.3618348911983
0.0861750930247669	28.322466311036
0.08897592612503079	26.4153482685964
0.09186779093504013	24.6320655135825
0.09485364613597425	22.9647408371271
0.09793654657104535	21.4059880290842
0.10111964637092459	19.948891806541
0.10440620218074848	18.5869693552363
0.10779957649200836	17.3141471972711
0.11130324108273261	16.1247363993559
0.11492078056947928	15.0134057848135
0.11865589607477556	13.9751609726229
0.1225124090137541	13.0053239425426
0.12649426500386204	12.0995372611902
0.13060553790164173	11.2536189299628
0.13485043397071295	10.463799180131
0.13923329618522273	9.72645000660746
0.14375860867316315	9.03819705779627
0.1484310013041053	8.39587924869608
0.1532552544260411	7.79653731176583
0.15823630375618156	7.23739715367819
0.16337924543071325	6.71586246253297
0.16868934121868007	6.22950160065169
0.1741720239053259	5.77603703844023
0.17983290285040313	5.353335482848
0.18567776972713723	4.9593999177996
0.1917126044477156	4.59236017196078
0.19794358128136544	4.25046508364633
0.20437707517127945	3.93207489615056
0.21101966825685117	3.63565438852318
0.21787815660789508	3.3597664383279
0.224959557177738	3.10306567053765
0.23227111498230024	2.86429130532297
0.23982031051250566	2.64226509406362
0.24761486738761013	2.43588244589876
0.25566276025727436	2.24411100261503
0.2639722229604662	2.06598298406555
0.27255175694954364	1.90059335604461
0.2814101399881316	1.74709484430377
0.29055643513169616	1.60469458975124
0.3	1.47265058150541
0.3035	1.42718751471654
0.307	1.38346323974434
0.3105	1.34139526384842
0.314	1.30090583148634
0.3175	1.26192157970646
0.321	1.22437327152748
0.3245	1.18819550194463
0.328	1.15332645838128
0.3315	1.11970770106748
0.335	1.08728390963544
0.3385	1.0560027358513
0.342	1.02581458846266
0.3455	0.996672502830115
0.349	0.968531771464113
0.3525	0.941350257869139
0.356	0.915087764862526
0.3595	0.889706183069223
0.363	0.865169292164139
0.3665	0.841442666599356
0.37	0.818493560341212
0.3735	0.796290828265504
0.377	0.774804812994922
0.3805	0.754007269191964
0.384	0.733871297267965
0.3875	0.714371249796706
0.391	0.695482520426404
0.3945	0.67718224599334
0.398	0.659447699006274
0.4015	0.642257782002497
0.405	0.625592221134142
0.4085	0.609431588689527
0.412	0.593757368621235
0.4155	0.578551839057687
0.419	0.563798051004205
0.4225	0.54947978860516
0.426	0.535581529212415
0.4295	0.522088411414774
0.433	0.508986188091227
0.4365	0.496261248650099
0.44	0.483900511003566
0.4435	0.471891441664348
0.447	0.460222019120687
0.4505	0.448880717917904
0.454	0.437856458229412
0.4575	0.427138667929477
0.461	0.416717103613784
0.4645	0.40658198691872
0.468	0.396723906172943
0.4715	0.387133888778189
0.475	0.377803040452427
0.4785	0.368723203983489
0.482	0.359886273073135
0.4855	0.351284513273262
0.489	0.342910484738092
0.4925	0.334757021328265
0.496	0.326817227024882
0.4995	0.319084459749038
0.503	0.311552320784308
0.5065	0.304214663497453
0.51	0.297065185502046
0.5135	0.290099137397276
0.517	0.283310049419609
0.5205	0.276692909342981
0.524	0.270242580286721
0.5275	0.263954103343514
0.531	0.257822693392366
0.5345	0.251843736517155
0.538	0.246012773334218
0.5415	0.240325498933185
0.545	0.234777755023424
0.5485	0.229365524193047
0.552	0.2240849252819
0.5555	0.218932206538183
0.559	0.213903744167379
0.5625	0.208996032201132
0.566	0.204205672281851
0.5695	0.199529391924674
0.573	0.194964020875641
0.5765	0.190506482343546
0.58	0.186153874783489
0.5835	0.181903190796618
0.587	0.177751651611451
0.5905	0.17369668736032
0.594	0.16973562407881
0.5975	0.165865931291279
0.601	0.162085164715595
0.6045	0.158390943136022
0.608	0.154780984542054
0.6115	0.151253042634154
0.615	0.14780496002612
0.6185	0.14443464689278
0.622	0.141140067530186
0.6255	0.137919252456038
0.629	0.134770268351289
0.6325	0.131691327795556
0.636	0.128680563989393
0.6395	0.125736255357861
0.643	0.122856706351003
0.6465	0.120040271490249
0.65	0.11728535464261
0.6535	0.114590437373464
0.657	0.111953918161046
0.6605	0.109374425529578
0.664	0.106850512632812
0.6675	0.10438079723911
0.671	0.101963935317014
0.6745	0.0995986297914113
0.678	0.0972836093184751
0.6815	0.0950176437161968
0.685	0.092799533734155
0.6885	0.0906281181793105
0.692	0.0885022646827043
0.6955	0.0864208717892016
0.699	0.0843828692942571
0.7025	0.0823872159362946
0.706	0.0804328983862291
0.7095	0.0785189307931826
0.713	0.076644353997299
0.7165	0.0748082248189184
0.72	0.0730096720585761
0.7235	0.071247757065072
0.727	0.069521652232119
0.7305	0.0678305116613757
0.734	0.0661735190171002
0.7375	0.0645498785538831
0.741	0.0629588164604205
0.7445	0.0613995789162759
0.748	0.0598714288051583
0.7515	0.0583736516552209
0.755	0.0569055513296426
0.7585	0.0554664456286145
0.762	0.0540556730148649
0.7655	0.0526725873405289
0.769	0.0513165597915978
0.7725	0.0499869734504839
0.776	0.0486832361405851
0.7795	0.0474047640185847
0.783	0.0461509838577782
0.7865	0.0449213417907533
0.79	0.0437152985775182
0.7935	0.0425323251227066
0.797	0.0413719067911512
0.8005	0.0402335418161366
0.804	0.0391167402246405
0.8075	0.0380210238040648
0.811	0.036945925934884
0.8145	0.0358909912874123
0.818	0.0348557753984744
0.8215	0.033839844592778
0.825	0.032842775376031
0.8285	0.0318641543858633
0.832	0.0309035780250136
0.8355	0.02996065220113
0.839	0.0290349921095675
0.8425	0.0281262219482653
0.846	0.0272339745478886
0.8495	0.0263578917493597
0.853	0.0254976232676087
0.8565	0.0246528270040259
0.86	0.0238231690826958
0.8635	0.0230083226402897
0.867	0.0222079685588476
0.8705	0.0214217956737617
0.874	0.0206494991374001
0.8775	0.0198907812140884
0.881	0.019145350977378
0.8845	0.0184129240519193
0.888	0.0176932224660368
0.8915	0.0169859744730968
0.895	0.0162909143932882
0.8985	0.0156077824041503
0.902	0.0149363246197811
0.9055	0.0142762926747165
0.909	0.0136274455512605
0.9125	0.0129895402957197
0.916	0.0123623500736864
0.9195	0.0117456458912808
0.923	0.0111392055317712
0.9265	0.0105428116132223
0.93	0.00995625144970623
0.9335	0.00937931702950141
0.937	0.00881180490328234
0.9405	0.00825351584817961
0.944	0.00770425495203671
0.9475	0.00716383158464247
0.951	0.00663205909967164
0.9545	0.00610875485985759
0.958	0.00559374013375117
0.9615	0.00508683995521729
0.965	0.00458788308057253
0.9685	0.00409670353842364
0.972	0.00361313221882185
0.9755	0.00313701349469131
0.979	0.00266818838534381
0.9825	0.00220650285745696
0.986	0.00175180614065088
0.9895	0.00130395061342031
0.993	0.000862791652182696
0.9965	0.000428187669488979
1	0